 31 -52.5 32  44.6 -50.6 32  42 -40.5 32  31 -42 32
 31 -42 32  42 -40.5 32  40.3 -34.6 32.5  31 -36 32.5
 31 -36 32.5  40.3 -34.6 32.5  38.75 -29 33.25  31 -30 33.25
 31 -30 33.25  38.75 -29 33.25  37 -22.5 34.75  31 -23.5 34.75
 31 -23.5 34.75  37 -22.5 34.75  36 -18.3 35.5  31 -19 35.5
 31 -19 35.5  36 -18.3 35.5  34 -10.75 36.5  31 -11 36.5
 44.6 -50.6 32  57.5 -45.5 32  52 -36.25 32  42 -40.5 32
 42 -40.5 32  52 -36.25 32  49 -31 32.5  40.3 -34.6 32.5
 40.3 -34.6 32.5  49 -31 32.5  46 -26 33.25  38.75 -29 33.25
 38.75 -29 33.25  46 -26 33.25  42.6 -20.3 34.75  37 -22.5 34.75
 37 -22.5 34.75  42.6 -20.3 34.75  40.5 -16.3 35.5  36 -18.3 35.5
 36 -18.3 35.5  40.5 -16.3 35.5  36.75 -10 36.5  35.5 -10.5 36.5 34 -10.75 36.5
 57.5 -45.5 32  68 -37 32  60.5 -29.5 32  52 -36.25 32
 52 -36.25 32  60.5 -29.5 32  56.5 -25.5 32.5  49 -31 32.5
 49 -31 32.5  56.5 -25.5 32.5  52 -21 33.25  46 -26 33.25
 46 -26 33.25  52 -21 33.25  47.5 -16.5 34.75  42.6 -20.3 34.75
 42.6 -20.3 34.75  47.5 -16.5 34.75  44.5 -13.5 35.5  40.5 -16.3 35.5
 40.5 -16.3 35.5  44.5 -13.5 35.5  39.5 -8.5 36.5  36.75 -10 36.5
 68 -37 32  76.5 -26 32  67.3 -21 32  60.5 -29.5 32
 60.5 -29.5 32  67.3 -21 32  62 -18 32.5  56.5 -25.5 32.5
 56.5 -25.5 32.5  62 -18 32.5  57 -15 33.25  52 -21 33.25
 52 -21 33.25  57 -15 33.25  51.3 -11.6 34.75  47.5 -16.5 34.75
 47.5 -16.5 34.75  51.3 -11.6 34.75  47.3 -9.5 35.5  44.5 -13.5 35.5
 44.5 -13.5 35.5  47.3 -9.5 35.5  41.5 -6 36.5  39.5 -8.5 36.5
 76.5 -26 32  81.5 -13.6 32  71.3 -11 32  67.3 -21 32
 67.3 -21 32  71.3 -11 32  65.5 -9.3 32.5  62 -18 32.5
 62 -18 32.5  65.5 -9.3 32.5  59.75 -8 33.25  57 -15 33.25
 57 -15 33.25  59.75 -8 33.25  53.5 -6 34.75  51.3 -11.6 34.75
 51.3 -11.6 34.75  53.5 -6 34.75  49.3 -5 35.5  47.3 -9.5 35.5
 47.3 -9.5 35.5  49.3 -5 35.5  42.6 -3.3 36.5  42 -4.5 36.5  41.5 -6 36.5
 81.5 -13.6 32  83.5 0 32  73 0 32  71.3 -11 32
 71.3 -11 32  73 0 32  67 0 32.5  65.5 -9.3 32.5
 65.5 -9.3 32.5  67 0 32.5  61 0 33.25  59.75 -8 33.25
 59.75 -8 33.25  61 0 33.25  54.5 0 34.75  53.5 -6 34.75
 53.5 -6 34.75  54.5 0 34.75  50 0 35.5  49.3 -5 35.5
 49.3 -5 35.5  50 0 35.5  43 0 36.5  42.6 -3.3 36.5
 83.5 0 32  81.5 13.6 32  71.3 11 32  73 0 32
 73 0 32  71.3 11 32  65.5 9.3 32.5  67 0 32.5
 67 0 32.5  65.5 9.3 32.5  59.75 8 33.25  61 0 33.25
 61 0 33.25  59.75 8 33.25  53.5 6 34.75  54.5 0 34.75
 54.5 0 34.75  53.5 6 34.75  49.3 5 35.5  50 0 35.5
 50 0 35.5  49.3 5 35.5  42.6 3.3 36.5  43 0 36.5
 81.5 13.6 32  76.5 26 32  67.3 21 32  71.3 11 32
 71.3 11 32  67.3 21 32  62 18 32.5  65.5 9.3 32.5
 65.5 9.3 32.5  62 18 32.5  57 15 33.25  59.75 8 33.25
 59.75 8 33.25  57 15 33.25  51.3 11.6 34.75  53.5 6 34.75
 53.5 6 34.75  51.3 11.6 34.75  47.3 9.5 35.5  49.3 5 35.5
 49.3 5 35.5  47.3 9.5 35.5  41.5 6 36.5  42 4.5 36.5  42.6 3.3 36.5
 76.5 26 32  68 37 32  60.5 29.5 32  67.3 21 32
 67.3 21 32  60.5 29.5 32  56.5 25.5 32.5  62 18 32.5
 62 18 32.5  56.5 25.5 32.5  52 21 33.25  57 15 33.25
 57 15 33.25  52 21 33.25  47.5 16.5 34.75  51.3 11.6 34.75
 51.3 11.6 34.75  47.5 16.5 34.75  44.5 13.5 35.5  47.3 9.5 35.5
 47.3 9.5 35.5  44.5 13.5 35.5  39.5 8.5 36.5  41.5 6 36.5
 68 37 32  57.5 45.5 32  52 36.25 32  60.5 29.5 32
 60.5 29.5 32  52 36.25 32  49 31 32.5  56.5 25.5 32.5
 56.5 25.5 32.5  49 31 32.5  46 26 33.25  52 21 33.25
 52 21 33.25  46 26 33.25  42.6 20.3 34.75  47.5 16.5 34.75
 47.5 16.5 34.75  42.6 20.3 34.75  40.5 16.3 35.5  44.5 13.5 35.5
 44.5 13.5 35.5  40.5 16.3 35.5  36.75 10 36.5  39.5 8.5 36.5
 57.5 45.5 32  44.6 50.6 32  42 40.5 32  52 36.25 32
 52 36.25 32  42 40.5 32  40.3 34.6 32.5  49 31 32.5
 49 31 32.5  40.3 34.6 32.5  38.75 29 33.25  46 26 33.25
 46 26 33.25  38.75 29 33.25  37 22.5 34.75  42.6 20.3 34.75
 42.6 20.3 34.75  37 22.5 34.75  36 18.3 35.5  40.5 16.3 35.5
 40.5 16.3 35.5  36 18.3 35.5  34 10.75 36.5  35.5 10.5 36.5  36.75 10 36.5
 44.6 50.6 32  31 52.5 32  31 42 32  42 40.5 32
 42 40.5 32  31 42 32  31 36 32.5  40.3 34.6 32.5
 40.3 34.6 32.5  31 36 32.5  31 30 33.25  38.75 29 33.25
 38.75 29 33.25  31 30 33.25  31 23.5 34.75  37 22.5 34.75
 37 22.5 34.75  31 23.5 34.75  31 19 35.5  36 18.3 35.5
 36 18.3 35.5  31 19 35.5  31 11 36.5  34 10.75 36.5
 31 52.5 32  17.4 50.6 32  20 40.5 32  31 42 32
 31 42 32  20 40.5 32  21.7 34.6 32.5  31 36 32.5
 31 36 32.5  21.7 34.6 32.5  23.25 29 33.25  31 30 33.25
 31 30 33.25  23.25 29 33.25  25 22.5 34.75  31 23.5 34.75
 31 23.5 34.75  25 22.5 34.75  26 18.3 35.5  31 19 35.5
 31 19 35.5  26 18.3 35.5  28.4 10.5 36.5  31 11 36.5
 17.4 50.6 32  4.5 45.5 32  10 36.25 32  20 40.5 32
 20 40.5 32  10 36.25 32  13 31 32.5  21.7 34.6 32.5
 21.7 34.6 32.5  13 31 32.5  16 26 33.25  23.25 29 33.25
 23.25 29 33.25  16 26 33.25  19.4 20.3 34.75  25 22.5 34.75
 25 22.5 34.75  19.4 20.3 34.75  21.5 16.3 35.5  26 18.3 35.5
 26 18.3 35.5  21.5 16.3 35.5  25.4 9.75 36.5  26.75 10.25 36.5  28.4 10.5 36.5
 4.5 45.5 32  -6 37 32  1.5 29.5 32  10 36.25 32
 10 36.25 32  1.5 29.5 32  5.5 25.5 32.5  13 31 32.5
 13 31 32.5  5.5 25.5 32.5  10 21 33.25  16 26 33.25
 16 26 33.25  10 21 33.25  14.5 16.5 34.75  19.4 20.3 34.75
 19.4 20.3 34.75  14.5 16.5 34.75  17.5 13.5 35.5  21.5 16.3 35.5
 21.5 16.3 35.5  17.5 13.5 35.5  22 9 36.35  25.4 9.75 36.5
 -6 37 32  -14.5 26 32  -5.3 21 32  1.5 29.5 32
 1.5 29.5 32  -5.3 21 32  0 18 32.5  5.5 25.5 32.5
 5.5 25.5 32.5  0 18 32.5  5 15 33.25  10 21 33.25
 10 21 33.25  5 15 33.25  10.7 11.6 34.75  14.5 16.5 34.75
 14.5 16.5 34.75  10.7 11.6 34.75  14.7 9.5 35.5  17.5 13.5 35.5
 17.5 13.5 35.5  14.7 9.5 35.5  18.4 7.5 36.2  22 9 36.35
 -14.5 26 32  -19.5 13.6 32  -9.3 11 32  -5.3 21 32
 -5.3 21 32  -9.3 11 32  -3.5 9.3 32.5  0 18 32.5
 0 18 32.5  -3.5 9.3 32.5  2.25 8 33.25  5 15 33.25
 5 15 33.25  2.25 8 33.25  8.5 6 34.75  10.7 11.6 34.75
 10.7 11.6 34.75  8.5 6 34.75  12.7 5 35.5  14.7 9.5 35.5
 14.7 9.5 35.5  12.7 5 35.5  14.5 4.5 35.6  16 6 36  18.4 7.5 36.2
 -19.5 13.6 32  -21.5 2 32  -11 2 32  -9.3 11 32
 -9.3 11 32  -11 2 32  -5 2.3 32.5  -3.5 9.3 32.5
 -3.5 9.3 32.5  -5 2.3 32.5  1 3 33.25  2.25 8 33.25
 8.5 6 34.75  2.25 8 33.25  1 3 33.25  3 2 33.75  4 0 34  7.5 0 34.75
 8.5 6 34.75  7.5 0 34.75  12 0 35.5  12.7 5 35.5
 12.7 5 35.5  12 0 35.5  13 0 35.6  14 3.5 35.6  14.5 4.5 35.6
 -21.5 -2 32  -19.5 -13.6 32  -9.3 -11 32  -11 -2 32
 -11 -2 32  -9.3 -11 32  -3.5 -9.3 32.5  -5 -2.3 32.5
 -5 -2.3 32.5  -3.5 -9.3 32.5  2.25 -8 33.25  1 -3 33.25
 1 -3 33.25  2.25 -8 33.25  8.5 -6 34.75  7.5 0 34.75  4 0 34  3 -2 33.75
 7.5 0 34.75  8.5 -6 34.75  12.7 -5 35.5  12 0 35.5
 12 0 35.5  12.7 -5 35.5  14.5 -4.5 35.6  14 -3.5 35.6  13 0 35.6
 -19.5 -13.6 32  -14.5 -26 32  -5.3 -21 32  -9.3 -11 32
 -9.3 -11 32  -5.3 -21 32  0 -18 32.5  -3.5 -9.3 32.5
 -3.5 -9.3 32.5  0 -18 32.5  5 -15 33.25  2.25 -8 33.25
 2.25 -8 33.25  5 -15 33.25  10.7 -11.6 34.75  8.5 -6 34.75
 8.5 -6 34.75  10.7 -11.6 34.75  14.7 -9.5 35.5  12.7 -5 35.5
 12.7 -5 35.5  14.7 -9.5 35.5  18.4 -7.5 36.2  16 -6 36  14.5 -4.5 35.6
 -14.5 -26 32  -6 -37 32  1.5 -29.5 32  -5.3 -21 32
 -5.3 -21 32  1.5 -29.5 32  5.5 -25.5 32.5  0 -18 32.5
 0 -18 32.5  5.5 -25.5 32.5  10 -21 33.25  5 -15 33.25
 5 -15 33.25  10 -21 33.25  14.5 -16.5 34.75  10.7 -11.6 34.75
 10.7 -11.6 34.75  14.5 -16.5 34.75  17.5 -13.5 35.5  14.7 -9.5 35.5
 14.7 -9.5 35.5  17.5 -13.5 35.5  22 -9 36.35  18.4 -7.5 36.2
 -6 -37 32  4.5 -45.5 32  10 -36.25 32  1.5 -29.5 32
 1.5 -29.5 32  10 -36.25 32  13 -31 32.5  5.5 -25.5 32.5
 5.5 -25.5 32.5  13 -31 32.5  16 -26 33.25  10 -21 33.25
 10 -21 33.25  16 -26 33.25  19.4 -20.3 34.75  14.5 -16.5 34.75
 14.5 -16.5 34.75  19.4 -20.3 34.75  21.5 -16.3 35.5  17.5 -13.5 35.5
 17.5 -13.5 35.5  21.5 -16.3 35.5  25.4 -9.75 36.5  22 -9 36.35
 4.5 -45.5 32  17.4 -50.6 32  20 -40.5 32  10 -36.25 32
 10 -36.25 32  20 -40.5 32  21.7 -34.6 32.5  13 -31 32.5
 13 -31 32.5  21.7 -34.6 32.5  23.25 -29 33.25  16 -26 33.25
 16 -26 33.25  23.25 -29 33.25  25 -22.5 34.75  19.4 -20.3 34.75
 19.4 -20.3 34.75  25 -22.5 34.75  26 -18.3 35.5  21.5 -16.3 35.5
 21.5 -16.3 35.5  26 -18.3 35.5  28.4 -10.5 36.5  26.75 -10.25 36.5  25.4 -9.75 36.5
 17.4 -50.6 32  31 -52.5 32  31 -42 32  20 -40.5 32
 20 -40.5 32  31 -42 32  31 -36 32.5  21.7 -34.6 32.5
 21.7 -34.6 32.5  31 -36 32.5  31 -30 33.25  23.25 -29 33.25
 23.25 -29 33.25  31 -30 33.25  31 -23.5 34.75  25 -22.5 34.75
 25 -22.5 34.75  31 -23.5 34.75  31 -19 35.5  26 -18.3 35.5
 26 -18.3 35.5  31 -19 35.5  31 -11 36.5  28.4 -10.5 36.5
 -21.5 2 32  -19.5 13.6 32  -23.5 11 32  -23.5 2.5 32  -22.5 2.5 32
 -23.5 -11 32  -19.5 -13.6 32  -21.5 -2 32  -22.5 -2.5 32  -23.5 -2.5 32
 -19.5 13.6 32  -17 13.6 27  -23.5 11 27  -23.5 11 32
 -23.5 11 27  -23.5 -11 27  -23.5 -11 32  -23.5 11 32
 -23.5 -11 27  -17 -13.6 27  -19.5 -13.6 32  -23.5 -11 32
 -17 13.6 27  -17 -13.6 27  -23.5 -11 27  -23.5 11 27
 1 -3 34  3 -2 34  4 0 34  3 2 34  1 3 34  -22.5 2.5 34 -23.5 2.5 34  -23.5 -2.5 34  -22.5 -2.5 34  -21.5 -2 34
 -23.5 -2.5 34  -23.5 -2.5 32  -22.5 -2.5 32  -22.5 -2.5 34
 -22.5 -2.5 34  -22.5 -2.5 32  -21.5 -2 32  -21.5 -2 34
 -21.5 -2 34  -21.5 -2 32  -11 -2 32  -5 -2.3 32.5  1 -3 33.25  1 -3 34
 1 -3 34  1 -3 33.25  3 -2 33.75  3 -2 34
 3 -2 34  3 -2 33.75  4 0 34
 3 2 34  4 0 34  3 2 33.75
 3 2 34  3 2 33.75  1 3 33.25  1 3 34
 -21.5 2 32  -21.5 2 34  1 3 34  1 3 33.25  -5 2.3 32.5  -11 2 32
 -21.5 2 34  -21.5 2 32  -22.5 2.5 32  -22.5 2.5 34
 -22.5 2.5 34  -22.5 2.5 32  -23.5 2.5 32  -23.5 2.5 34
 -23.5 2.5 32  -23.5 -2.5 32  -23.5 -2.5 34  -23.5 2.5 34
 44 48.3 27  31 50 27  31 52.5 32  44.6 50.6 32
 56.3 43.3 27  44 48.3 27  44.6 50.6 32  57.5 45.5 32
 66.5 35.5 27  56.3 43.3 27  57.5 45.5 32  68 37 32
 74.5 25 27  66.5 35.5 27  68 37 32  76.5 26 32
 79.3 13 27  74.5 25 27  76.5 26 32  81.5 13.6 32
 81 0 27  79.3 13 27  81.5 13.6 32  83.5 0 32
 79.3 -13 27  81 0 27  83.5 0 32  81.5 -13.6 32
 74.5 -25 27  79.3 -13 27  81.5 -13.6 32  76.5 -26 32
 66.5 -35.5 27  74.5 -25 27  76.5 -26 32  68 -37 32
 56.3 -43.3 27  66.5 -35.5 27  68 -37 32  57.5 -45.5 32
 44 -48.3 27  56.3 -43.3 27  57.5 -45.5 32  44.6 -50.6 32
 31 -50 27  44 -48.3 27  44.6 -50.6 32  31 -52.5 32
 18 -48.3 27  31 -50 27  31 -52.5 32  17.4 -50.6 32
 5.7 -43.3 27  18 -48.3 27  17.4 -50.6 32  4.5 -45.5 32
 -4.5 -35.5 27  5.7 -43.3 27  4.5 -45.5 32  -6 -37 32
 -12.5 -25 27  -4.5 -35.5 27  -6 -37 32  -14.5 -26 32
 -17.3 -13 27  -12.5 -25 27  -14.5 -26 32  -19.5 -13.6 32
 -19 -1 27  -17.3 -13 27  -19.5 -13.6 32  -21.5 0 32  -19 0 27
 -19 1 27  -19 0 27  -21.5 0 32  -19.5 13.6 32  -17.3 13 27
 -12.5 25 27  -17.3 13 27  -19.5 13.6 32  -14.5 26 32
 -4.5 35.5 27  -12.5 25 27  -14.5 26 32  -6 37 32
 5.7 43.3 27  -4.5 35.5 27  -6 37 32  4.5 45.5 32
 18 48.3 27  5.7 43.3 27  4.5 45.5 32  17.4 50.6 32
 31 50 27  18 48.3 27  17.4 50.6 32  31 52.5 32
 31 50 27  44 48.3 27  42.75 43.6 27  31 45.3 27
 31 45.3 27  42.75 43.6 27  40.3 34.75 26  31 36 26
 31 36 26  40.3 34.75 26  38.25 27 24.5  31 28 24.5
 31 28 24.5  38.25 27 24.5  36.6 21.3 22.5  31 22 22.5
 31 22 22.5  36.6 21.3 22.5  35 14.6 21  31 15.3 21
 31 15.3 21  35 14.6 21  32.6 6.3 19.5  31 6.5 19.5
 44 48.3 27  56.3 43.3 27  53.6 39 27  42.75 43.6 27
 42.75 43.6 27  53.6 39 27  49 31 26  40.3 34.75 26
 40.3 34.75 26  49 31 26  45 24.25 24.5  38.25 27 24.5
 38.25 27 24.5  45 24.25 24.5  42 19 22.5  36.6 21.3 22.5
 36.6 21.3 22.5  42 19 22.5  38.6 13.25 21  35 14.6 21
 35 14.6 21  38.6 13.25 21  34.25 5.6 19.5  32.6 6.3 19.5
 56.3 43.3 27  66.5 35.5 27  63 32 27  53.6 39 27
 53.6 39 27  63 32 27  56.5 25.5 26  49 31 26
 49 31 26  56.5 25.5 26  50.75 19.75 24.5  45 24.25 24.5
 45 24.25 24.5  50.75 19.75 24.5  46.5 15.5 22.5  42 19 22.5
 42 19 22.5  46.5 15.5 22.5  41.75 10.75 21  38.6 13.25 21
 38.6 13.25 21  41.75 10.75 21  35.5 4.5 19.5  34.25 5.6 19.5
 66.5 35.5 27  74.5 25 27  70.3 22.5 27  63 32 27
 63 32 27  70.3 22.5 27  62 18 26  56.5 25.5 26
 56.5 25.5 26  62 18 26  55.25 14 24.5  50.75 19.75 24.5
 50.75 19.75 24.5  55.25 14 24.5  50 11 22.5  46.5 15.5 22.5
 46.5 15.5 22.5  50 11 22.5  44.25 7.6 21  41.75 10.75 21
 41.75 10.75 21  44.25 7.6 21  36.6 3.3 19.5  35.5 4.5 19.5
 74.5 25 27  79.3 13 27  74.75 11.75 27  70.3 22.5 27
 70.3 22.5 27  74.75 11.75 27  65.75 9.5 26  62 18 26
 62 18 26  65.75 9.5 26  58 7.3 24.5  55.25 14 24.5
 55.25 14 24.5  58 7.3 24.5  52.25 5.75 22.5  50 11 22.5
 50 11 22.5  52.25 5.75 22.5  45.75 4 21  44.25 7.6 21
 44.25 7.6 21  45.75 4 21  37.3 1.6 19.5  36.6 3.3 19.5
 79.3 13 27  81 0 27  76 0 27  74.75 11.75 27
 74.75 11.75 27  76 0 27  67 0 26  65.75 9.5 26
 65.75 9.5 26  67 0 26  59 0 24.5  58 7.3 24.5
 58 7.3 24.5  59 0 24.5  53 0 22.5  52.25 5.75 22.5
 52.25 5.75 22.5  53 0 22.5  46.3 0 21  45.75 4 21
 45.75 4 21  46.3 0 21  37.5 0 19.5  37.3 1.6 19.5
 81 0 27  79.3 -13 27  74.75 -11.75 27  76 0 27
 76 0 27  74.75 -11.75 27  65.75 -9.5 26  67 0 26
 67 0 26  65.75 -9.5 26  58 -7.3 24.5  59 0 24.5
 59 0 24.5  58 -7.3 24.5  52.25 -5.75 22.5  53 0 22.5
 53 0 22.5  52.25 -5.75 22.5  45.75 -4 21  46.3 0 21
 46.3 0 21  45.75 -4 21  37.3 -1.6 19.5  37.5 0 19.5
 79.3 -13 27  74.5 -25 27  70.3 -22.5 27  74.75 -11.75 27
 74.75 -11.75 27  70.3 -22.5 27  62 -18 26  65.75 -9.5 26
 65.75 -9.5 26  62 -18 26  55.25 -14 24.5  58 -7.3 24.5
 58 -7.3 24.5  55.25 -14 24.5  50 -11 22.5  52.25 -5.75 22.5
 52.25 -5.75 22.5  50 -11 22.5  44.25 -7.6 21  45.75 -4 21
 45.75 -4 21  44.25 -7.6 21  36.6 -3.3 19.5  37.3 -1.6 19.5
 74.5 -25 27  66.5 -35.5 27  63 -32 27  70.3 -22.5 27
 70.3 -22.5 27  63 -32 27  56.5 -25.5 26  62 -18 26
 62 -18 26  56.5 -25.5 26  50.75 -19.75 24.5  55.25 -14 24.5
 55.25 -14 24.5  50.75 -19.75 24.5  46.5 -15.5 22.5  50 -11 22.5
 50 -11 22.5  46.5 -15.5 22.5  41.75 -10.75 21  44.25 -7.6 21
 44.25 -7.6 21  41.75 -10.75 21  35.5 -4.5 19.5  36.6 -3.3 19.5
 66.5 -35.5 27  56.3 -43.3 27  53.6 -39 27  63 -32 27
 63 -32 27  53.6 -39 27  49 -31 26  56.5 -25.5 26
 56.5 -25.5 26  49 -31 26  45 -24.25 24.5  50.75 -19.75 24.5
 50.75 -19.75 24.5  45 -24.25 24.5  42 -19 22.5  46.5 -15.5 22.5
 46.5 -15.5 22.5  42 -19 22.5  38.6 -13.25 21  41.75 -10.75 21
 41.75 -10.75 21  38.6 -13.25 21  34.25 -5.6 19.5  35.5 -4.5 19.5
 56.3 -43.3 27  44 -48.3 27  42.75 -43.6 27  53.6 -39 27
 53.6 -39 27  42.75 -43.6 27  40.3 -34.75 26  49 -31 26
 49 -31 26  40.3 -34.75 26  38.25 -27 24.5  45 -24.25 24.5
 45 -24.25 24.5  38.25 -27 24.5  36.6 -21.3 22.5  42 -19 22.5
 42 -19 22.5  36.6 -21.3 22.5  35 -14.6 21  38.6 -13.25 21
 38.6 -13.25 21  35 -14.6 21  32.6 -6.3 19.5  34.25 -5.6 19.5
 44 -48.3 27  31 -50 27  31 -45.3 27  42.75 -43.6 27
 42.75 -43.6 27  31 -45.3 27  31 -36 26  40.3 -34.75 26
 40.3 -34.75 26  31 -36 26  31 -28 24.5  38.25 -27 24.5
 38.25 -27 24.5  31 -28 24.5  31 -22 22.5  36.6 -21.3 22.5
 36.6 -21.3 22.5  31 -22 22.5  31 -15.3 21  35 -14.6 21
 35 -14.6 21  31 -15.3 21  31 -6.5 19.5  32.6 -6.3 19.5
 31 -50 27  18 -48.3 27  19.25 -43.6 27  31 -45.3 27
 31 -45.3 27  19.25 -43.6 27  21.7 -34.75 26  31 -36 26
 31 -36 26  21.7 -34.75 26  23.75 -27 24.5  31 -28 24.5
 31 -28 24.5  23.75 -27 24.5  25.4 -21.3 22.5  31 -22 22.5
 31 -22 22.5  25.4 -21.3 22.5  27 -14.6 21  31 -15.3 21
 31 -15.3 21  27 -14.6 21  29.4 -6.3 19.5  31 -6.5 19.5
 18 -48.3 27  5.7 -43.3 27  8.4 -39 27  19.25 -43.6 27
 19.25 -43.6 27  8.4 -39 27  13 -31 26  21.7 -34.75 26
 21.7 -34.75 26  13 -31 26  17 -24.25 24.5  23.75 -27 24.5
 23.75 -27 24.5  17 -24.25 24.5  20 -19 22.5  25.4 -21.3 22.5
 25.4 -21.3 22.5  20 -19 22.5  23.4 -13.25 21  27 -14.6 21
 27 -14.6 21  23.4 -13.25 21  27.75 -5.6 19.5  29.4 -6.3 19.5
 5.7 -43.3 27  -4.5 -35.5 27  -1 -32 27  8.4 -39 27
 8.4 -39 27  -1 -32 27  5.5 -25.5 26  13 -31 26
 13 -31 26  5.5 -25.5 26  11.25 -19.75 24.5  17 -24.25 24.5
 17 -24.25 24.5  11.25 -19.75 24.5  15.5 -15.5 22.5  20 -19 22.5
 20 -19 22.5  15.5 -15.5 22.5  20.25 -10.75 21  23.4 -13.25 21
 23.4 -13.25 21  20.25 -10.75 21  26.5 -4.5 19.5  27.75 -5.6 19.5
 -4.5 -35.5 27  -12.5 -25 27  -8.3 -22.5 27  -1 -32 27
 -1 -32 27  -8.3 -22.5 27  0 -18 26  5.5 -25.5 26
 5.5 -25.5 26  0 -18 26  6.75 -14 24.5  11.25 -19.75 24.5
 11.25 -19.75 24.5  6.75 -14 24.5  12 -11 22.5  15.5 -15.5 22.5
 15.5 -15.5 22.5  12 -11 22.5  17.75 -7.6 21  20.25 -10.75 21
 20.25 -10.75 21  17.75 -7.6 21  25.4 -3.3 19.5  26.5 -4.5 19.5
 -12.5 -25 27  -17.3 -13 27  -12.75 -11.75 27  -8.3 -22.5 27
 -8.3 -22.5 27  -12.75 -11.75 27  -3.75 -9.5 26  0 -18 26
 0 -18 26  -3.75 -9.5 26  4 -7.3 24.5  6.75 -14 24.5
 6.75 -14 24.5  4 -7.3 24.5  9.75 -5.75 22.5  12 -11 22.5
 12 -11 22.5  9.75 -5.75 22.5  16.25 -4 21  17.75 -7.6 21
 17.75 -7.6 21  16.25 -4 21  24.7 -1.6 19.5  25.4 -3.3 19.5
 -17.3 -13 27  -19 -1 27  -17 -2 27  -14 -2 27  -12.75 -11.75 27
 -12.75 -11.75 27  -14 -2 27  -5 -2 26  -3.75 -9.5 26
 -3.75 -9.5 26  -5 -2 26  3.2 -2 24.5  4 -7.3 24.5
 4 -7.3 24.5  3.2 -2 24.5  5 -2 23.75  6 -1 23.5  6.5 0 23.25  9 0 22.5 9.75 -5.75 22.5
 9.75 -5.75 22.5  9 0 22.5  15.7 0 21  16.25 -4 21
 16.25 -4 21  15.7 0 21  24.5 0 19.5  24.7 -1.6 19.5
 -19 1 27  -17.3 13 27  -12.75 11.75 27  -14 2 27  -17 2 27
 -14 2 27  -12.75 11.75 27  -3.75 9.5 26  -5 2 26
 -5 2 26  -3.75 9.5 26  4 7.3 24.5  3.2 2 24.5
 3.2 2 24.5  4 7.3 24.5  9.75 5.75 22.5  9 0 22.5  6.5 0 23.25  6 1 23.5 5 2 23.75
 9 0 22.5  9.75 5.75 22.5  16.25 4 21  15.7 0 21
 15.7 0 21  16.25 4 21  24.7 1.6 19.5  24.5 0 19.5
 -17.3 13 27  -12.5 25 27  -8.3 22.5 27  -12.75 11.75 27
 -12.75 11.75 27  -8.3 22.5 27  0 18 26  -3.75 9.5 26
 -3.75 9.5 26  0 18 26  6.75 14 24.5  4 7.3 24.5
 4 7.3 24.5  6.75 14 24.5  12 11 22.5  9.75 5.75 22.5
 9.75 5.75 22.5  12 11 22.5  17.75 7.6 21  16.25 4 21
 16.25 4 21  17.75 7.6 21  25.4 3.3 19.5  24.7 1.6 19.5
 -12.5 25 27  -4.5 35.5 27  -1 32 27  -8.3 22.5 27
 -8.3 22.5 27  -1 32 27  5.5 25.5 26  0 18 26
 0 18 26  5.5 25.5 26  11.25 19.75 24.5  6.75 14 24.5
 6.75 14 24.5  11.25 19.75 24.5  15.5 15.5 22.5  12 11 22.5
 12 11 22.5  15.5 15.5 22.5  20.25 10.75 21  17.75 7.6 21
 17.75 7.6 21  20.25 10.75 21  26.5 4.5 19.5  25.4 3.3 19.5
 -4.5 35.5 27  5.7 43.3 27  8.4 39 27  -1 32 27
 -1 32 27  8.4 39 27  13 31 26  5.5 25.5 26
 5.5 25.5 26  13 31 26  17 24.25 24.5  11.25 19.75 24.5
 11.25 19.75 24.5  17 24.25 24.5  20 19 22.5  15.5 15.5 22.5
 15.5 15.5 22.5  20 19 22.5  23.4 13.25 21  20.25 10.75 21
 20.25 10.75 21  23.4 13.25 21  27.75 5.6 19.5  26.5 4.5 19.5
 5.7 43.3 27  18 48.3 27  19.25 43.6 27  8.4 39 27
 8.4 39 27  19.25 43.6 27  21.7 34.75 26  13 31 26
 13 31 26  21.7 34.75 26  23.75 27 24.5  17 24.25 24.5
 17 24.25 24.5  23.75 27 24.5  25.4 21.3 22.5  20 19 22.5
 20 19 22.5  25.4 21.3 22.5  27 14.6 21  23.4 13.25 21
 23.4 13.25 21  27 14.6 21  29.4 6.3 19.5  27.75 5.6 19.5
 18 48.3 27  31 50 27  31 45.3 27  19.25 43.6 27
 19.25 43.6 27  31 45.3 27  31 36 26  21.7 34.75 26
 21.7 34.75 26  31 36 26  31 28 24.5  23.75 27 24.5
 23.75 27 24.5  31 28 24.5  31 22 22.5  25.4 21.3 22.5
 25.4 21.3 22.5  31 22 22.5  31 15.3 21  27 14.6 21
 27 14.6 21  31 15.3 21  31 6.5 19.5  29.4 6.3 19.5
 31 6.5 19.5  32.6 6.3 19.5  34.25 5.6 19.5  33.75 4.75 18.5  31 5.5 18.5
 31 5.5 18.5  33.75 4.75 18.5  32.75 3 17.75  31 3.5 17.75
 31 3.5 17.75  32.75 3 17.75  31.75 1.25 17.4  31 1.5 17.4
 31 1.5 17.4  31.75 1.25 17.4  31 0 17  30.25 1.25 17.4
 34.25 5.6 19.5  35.5 4.5 19.5  36.6 3.3 19.5  35.75 2.6 18.5  33.75 4.75 18.5
 33.75 4.75 18.5  35.75 2.6 18.5  34.25 1.6 17.75  32.75 3 17.75
 32.75 3 17.75  34.25 1.6 17.75  32.3 0.6 17.4  31.75 1.25 17.4
 31.75 1.25 17.4  32.3 0.6 17.4  32.5 0 17.4  31 0 17
 37.3 1.6 19.5  37.5 0 19.5  36.4 0 18.5  35.75 2.6 18.5  36.6 3.3 19.5
 35.75 2.6 18.5  36.4 0 18.5  34.5 0 17.75  34.25 1.6 17.75
 34.25 1.6 17.75  34.5 0 17.75  32.5 0 17.4  32.3 0.6 17.4
 32.5 0 17.4  32.3 -0.6 17.4  31.75 -1.25 17.4  31 0 17
 37.3 -1.6 19.5  36.6 -3.3 19.5  35.75 -2.6 18.5  36.4 0 18.5  37.5 0 19.5
 36.4 0 18.5  35.75 -2.6 18.5  34.25 -1.6 17.75  34.5 0 17.75
 34.5 0 17.75  34.25 -1.6 17.75  32.3 -0.6 17.4  32.5 0 17.4
 35.5 -4.5 19.5  34.25 -5.6 19.5  33.75 -4.75 18.5  35.75 -2.6 18.5  36.6 -3.3 19.5
 35.75 -2.6 18.5  33.75 -4.75 18.5  32.75 -3 17.75  34.25 -1.6 17.75
 34.25 -1.6 17.75  32.75 -3 17.75  31.75 -1.25 17.4  32.3 -0.6 17.4
 32.6 -6.3 19.5  31 -6.5 19.5  31 -5.5 18.5  33.75 -4.75 18.5  34.25 -5.6 19.5
 33.75 -4.75 18.5  31 -5.5 18.5  31 -3.5 17.75  32.75 -3 17.75
 32.75 -3 17.75  31 -3.5 17.75  31 -1.5 17.4  31.75 -1.25 17.4
 31.75 -1.25 17.4  31 -1.5 17.4  30.25 -1.25 17.4  31 0 17
 29.4 -6.3 19.5  27.75 -5.6 19.5  28.25 -4.75 18.5  31 -5.5 18.5  31 -6.5 19.5
 31 -5.5 18.5  28.25 -4.75 18.5  29.25 -3 17.75  31 -3.5 17.75
 31 -3.5 17.75  29.25 -3 17.75  30.25 -1.25 17.4  31 -1.5 17.4
 26.5 -4.5 19.5  25.4 -3.3 19.5  26.25 -2.6 18.5  28.25 -4.75 18.5  27.75 -5.6 19.5
 28.25 -4.75 18.5  26.25 -2.6 18.5  27.75 -1.6 17.75  29.25 -3 17.75
 29.25 -3 17.75  27.75 -1.6 17.75  29.7 -0.6 17.4  30.25 -1.25 17.4
 30.25 -1.25 17.4  29.7 -0.6 17.4  29.5 0 17.4  31 0 17
 24.7 -1.6 19.5  24.5 0 19.5  25.6 0 18.5  26.25 -2.6 18.5  25.4 -3.3 19.5
 26.25 -2.6 18.5  25.6 0 18.5  27.5 0 17.75  27.75 -1.6 17.75
 27.75 -1.6 17.75  27.5 0 17.75  29.5 0 17.4  29.7 -0.6 17.4
 24.7 1.6 19.5  25.4 3.3 19.5  26.25 2.6 18.5  25.6 0 18.5  24.5 0 19.5
 25.6 0 18.5  26.25 2.6 18.5  27.75 1.6 17.75  27.5 0 17.75
 27.5 0 17.75  27.75 1.6 17.75  29.7 0.6 17.4  29.5 0 17.4
 29.5 0 17.4  29.7 0.6 17.4  30.25 1.25 17.4  31 0 17
 26.5 4.5 19.5  27.75 5.6 19.5  28.25 4.75 18.5  26.25 2.6 18.5  25.4 3.3 19.5
 26.25 2.6 18.5  28.25 4.75 18.5  29.25 3 17.75  27.75 1.6 17.75
 27.75 1.6 17.75  29.25 3 17.75  30.25 1.25 17.4  29.7 0.6 17.4
 29.4 6.3 19.5  31 6.5 19.5  31 5.5 18.5  28.25 4.75 18.5  27.75 5.6 19.5
 28.25 4.75 18.5  31 5.5 18.5  31 3.5 17.75  29.25 3 17.75
 29.25 3 17.75  31 3.5 17.75  31 1.5 17.4  30.25 1.25 17.4
 -14.5 -2 12  5 -2 23.75  -17 -2 27  -35 -2 11
 -13.5 -1 12  6 -1 23.5  5 -2 23.75  -14.5 -2 12
 -13 0 12  6.5 0 23.25  6 -1 23.5  -13.5 -1 12
 -13.5 1 12  6 1 23.5  6.5 0 23.25  -13 0 12
 -14.5 2 12  5 2 23.75  6 1 23.5  -13.5 1 12
 -14.5 2 12  -35 2 11  -17 2 27  5 2 23.75
 -35 2 11  -37 1 11  -19 1 27  -17 2 27
 -37 1 11  -37 -1 11  -19 -1 27  -19 1 27
 -35 -2 11  -17 -2 27  -19 -1 27  -37 -1 11
 31 -9 39  31 -11 36.5  34 -10.75 36.5  35.5 -10.5 36.5  34.6 -8.6 39
 31 -9 39  34.6 -8.6 39  34 -7.5 40.4  31 -8 40.4
 31 -8 40.4  34 -7.5 40.4  33.5 -6.2 41  31 -6.5 41
 31 -6.5 41  33.5 -6.2 41  33.2 -5.2 42.5  31 -5.5 42.5
 31 -5.5 42.5  33.2 -5.2 42.5  32.6 -3.8 43  31 -4 43
 34.6 -8.6 39  35.5 -10.5 36.5  36.75 -10 36.5  39.5 -8.5 36.5  38 -7 39
 34.6 -8.6 39  38 -7 39  37 -6 40.4  34 -7.5 40.4
 34 -7.5 40.4  37 -6 40.4  35.6 -4.6 41  33.5 -6.2 41
 33.5 -6.2 41  35.6 -4.6 41  35 -4 42.5  33.2 -5.2 42.5
 33.2 -5.2 42.5  35 -4 42.5  34 -3 43  32.6 -3.8 43
 38 -7 39  39.5 -8.5 36.5  41.5 -6 36.5  42 -4.5 36.5  40.5 -4 39
 38 -7 39  40.5 -4 39  39 -3.4 40.4  37 -6 40.4
 37 -6 40.4  39 -3.4 40.4  37 -2.5 41  35.6 -4.6 41
 35.6 -4.6 41  37 -2.5 41  36.2 -2.2 42.5  35 -4 42.5
 35 -4 42.5  36.2 -2.2 42.5  34.8 -1.6 43  34 -3 43
 40.5 -4 39  42 -4.5 36.5  42.6 -3.3 36.5  43 0 36.5  41.5 0 39
 40.5 -4 39  41.5 0 39  40 0 40.4  39 -3.4 40.4
 39 -3.4 40.4  40 0 40.4  37.5 0 41  37 -2.5 41
 37 -2.5 41  37.5 0 41  36.5 0 42.5  36.2 -2.2 42.5
 36.2 -2.2 42.5  36.5 0 42.5  35 0 43  34.8 -1.6 43
 41.5 0 39  43 0 36.5  42.6 3.3 36.5  42 4.5 36.5  40.5 4 39
 41.5 0 39  40.5 4 39  39 3.4 40.4  40 0 40.4
 40 0 40.4  39 3.4 40.4  37 2.5 41  37.5 0 41
 37.5 0 41  37 2.5 41  36.2 2.2 42.5  36.5 0 42.5
 36.5 0 42.5  36.2 2.2 42.5  34.8 1.6 43  35 0 43
 40.5 4 39  42 4.5 36.5  41.5 6 36.5  39.5 8.5 36.5  38 7 39
 40.5 4 39  38 7 39  37 6 40.4  39 3.4 40.4
 39 3.4 40.4  37 6 40.4  35.6 4.6 41  37 2.5 41
 37 2.5 41  35.6 4.6 41  35 4 42.5  36.2 2.2 42.5
 36.2 2.2 42.5  35 4 42.5  34 3 43  34.8 1.6 43
 38 7 39  39.5 8.5 36.5  36.75 10 36.5  35.5 10.5 36.5  34.6 8.6 39
 38 7 39  34.6 8.6 39  34 7.5 40.4  37 6 40.4
 37 6 40.4  34 7.5 40.4  33.5 6.2 41  35.6 4.6 41
 35.6 4.6 41  33.5 6.2 41  33.2 5.2 42.5  35 4 42.5
 35 4 42.5  33.2 5.2 42.5  32.6 3.8 43  34 3 43
 34.6 8.6 39  35.5 10.5 36.5  34 10.75 36.5  31 11 36.5  31 9 39
 34.6 8.6 39  31 9 39  31 8 40.4  34 7.5 40.4
 34 7.5 40.4  31 8 40.4  31 6.5 41  33.5 6.2 41
 33.5 6.2 41  31 6.5 41  31 5.5 42.5  33.2 5.2 42.5
 33.2 5.2 42.5  31 5.5 42.5  31 4 43  32.6 3.8 43
 31 9 39  31 11 36.5  28.4 10.5 36.5  26.75 10.25 36.5  27.5 8.5 39
 31 9 39  27.5 8.5 39  28 7.3 40.4  31 8 40.4
 31 8 40.4  28 7.3 40.4  28.5 6.2 41  31 6.5 41
 31 6.5 41  28.5 6.2 41  28.8 5.2 42.5  31 5.5 42.5
 31 5.5 42.5  28.8 5.2 42.5  29.4 3.8 43  31 4 43
 27.5 8.5 39  26.75 10.25 36.5  25.4 9.75 36.5  22 9 36.35  23.5 7.5 38.92
 27.5 8.5 39  23.5 7.5 38.92  25 6 40.26  28 7.3 40.4
 28 7.3 40.4  25 6 40.26  26.4 4.6 41  28.5 6.2 41
 28.5 6.2 41  26.4 4.6 41  27 4 42.5  28.8 5.2 42.5
 28.8 5.2 42.5  27 4 42.5  28 3 43  29.4 3.8 43
 23.5 7.5 38.92  22 9 36.35  18.4 7.5 36.2  16 6 36  18.7 5 38.78
 23.5 7.5 38.92  18.7 5 38.78  21 4 40.13  25 6 40.26
 25 6 40.26  21 4 40.13  25 2.5 41  26.4 4.6 41
 26.4 4.6 41  25 2.5 41  25.8 2.2 42.5  27 4 42.5
 27 4 42.5  25.8 2.2 42.5  27.2 1.6 43  28 3 43
 18.7 5 38.78  16 6 36  14.5 4.5 35.6  14 3.5 35.6  16.5 2.75 38.64
 18.7 5 38.78  16.5 2.75 38.64  19.7 2.3 40  21 4 40.13
 21 4 40.13  19.7 2.3 40  24.55 1.25 41  25 2.5 41
 25 2.5 41  24.55 1.25 41  24.5 0 41  25.5 0 42.5  25.8 2.2 42.5
 25.8 2.2 42.5  25.5 0 42.5  27 0 43  27.2 1.6 43
 16.5 2.75 38.64  14 3.5 35.6  13 0 35.6  15.7 0 38.5
 16.5 2.75 38.64  15.7 0 38.5  19 0 40  19.7 2.3 40
 19.7 2.3 40  19 0 40  24.5 0 41  24.55 1.25 41
 15.7 0 38.5  13 0 35.6  14 -3.5 35.6  16.5 -2.75 38.64
 15.7 0 38.5  16.5 -2.75 38.64  19.7 -2.3 40  19 0 40
 19 0 40  19.7 -2.3 40  24.55 -1.25 41  24.5 0 41
 24.5 0 41  24.55 -1.25 41  25 -2.5 41  25.8 -2.2 42.5  25.5 0 42.5
 25.5 0 42.5  25.8 -2.2 42.5  27.2 -1.6 43  27 0 43
 16.5 -2.75 38.64  14 -3.5 35.6  14.5 -4.5 35.6  16 -6 36  18.7 -5 38.78
 16.5 -2.75 38.64  18.7 -5 38.78  21 -4 40.13  19.7 -2.3 40
 19.7 -2.3 40  21 -4 40.13  25 -2.5 41  24.55 -1.25 41
 18.7 -5 38.78  16 -6 36  18.4 -7.5 36.2  22 -9 36.35  23.5 -7.5 38.92
 18.7 -5 38.78  23.5 -7.5 38.92  25 -6 40.26  21 -4 40.13
 21 -4 40.13  25 -6 40.26  26.4 -4.6 41  25 -2.5 41
 25 -2.5 41  26.4 -4.6 41  27 -4 42.5  25.8 -2.2 42.5
 25.8 -2.2 42.5  27 -4 42.5  28 -3 43  27.2 -1.6 43
 23.5 -7.5 38.92  22 -9 36.35  25.4 -9.75 36.5  26.75 -10.25 36.5  27.5 -8.5 39
 23.5 -7.5 38.92  27.5 -8.5 39  28 -7.3 40.4  25 -6 40.26
 25 -6 40.26  28 -7.3 40.4  28.5 -6.2 41  26.4 -4.6 41
 26.4 -4.6 41  28.5 -6.2 41  28.8 -5.2 42.5  27 -4 42.5
 27 -4 42.5  28.8 -5.2 42.5  29.4 -3.8 43  28 -3 43
 27.5 -8.5 39  26.75 -10.25 36.5  28.4 -10.5 36.5  31 -11 36.5  31 -9 39
 27.5 -8.5 39  31 -9 39  31 -8 40.4  28 -7.3 40.4
 28 -7.3 40.4  31 -8 40.4  31 -6.5 41  28.5 -6.2 41
 28.5 -6.2 41  31 -6.5 41  31 -5.5 42.5  28.8 -5.2 42.5
 28.8 -5.2 42.5  31 -5.5 42.5  31 -4 43  29.4 -3.8 43
 31 -2 43  31 -4 43  32.6 -3.8 43  34 -3 43  32.5 -1.5 43
 32.5 -1.5 43  34 -3 43  34.8 -1.6 43  35 0 43  33 0 43
 33 0 43  35 0 43  34.8 1.6 43  34 3 43  32.5 1.5 43
 32.5 1.5 43  34 3 43  32.6 3.8 43  31 4 43  31 2 43
 31 2 43  31 4 43  29.4 3.8 43  28 3 43  29.5 1.5 43
 29.5 1.5 43  28 3 43  27.2 1.6 43  27 0 43  29 0 43
 29 0 43  27 0 43  27.2 -1.6 43  28 -3 43  29.5 -1.5 43
 29.5 -1.5 43  28 -3 43  29.4 -3.8 43  31 -4 43  31 -2 43
 31 -2 43  32.5 -1.5 43  31 0 44
 32.5 -1.5 43  33 0 43  31 0 44
 33 0 43  32.5 1.5 43  31 0 44
 32.5 1.5 43  31 2 43  31 0 44
 31 2 43  29.5 1.5 43  31 0 44
 29.5 1.5 43  29 0 43  31 0 44
 29 0 43  29.5 -1.5 43  31 0 44
 29.5 -1.5 43  31 -2 43  31 0 44
 -21 0 12  -30 0 11.5  -30 -6 10  -21 -6.5 10.4
 -21 -6.5 10.4  -30 -6 10  -30 -10.5 5.5  -21 -11 5.75
 -21 -11 5.75  -30 -10.5 5.5  -30 -12 -0.5  -21 -12.75 -0.5
 -21 -12.75 -0.5  -30 -12 -0.5  -30 -10.5 -6.5  -21 -11 -7
 -21 -11 -7  -30 -10.5 -6.5  -30 -6 -10.8  -21 -6.3 -11.6
 -21 -6.3 -11.6  -30 -6 -10.8  -30 0 -12.5  -21 0 -13.5
 -21 0 -13.5  -30 0 -12.5  -30 6 -10.8  -21 6.3 -11.6
 -21 6.3 -11.6  -30 6 -10.8  -30 10.5 -6.5  -21 11 -7
 -21 11 -7  -30 10.5 -6.5  -30 12 -0.5  -21 12.75 -0.5
 -21 12.75 -0.5  -30 12 -0.5  -30 10.5 5.5  -21 11 5.75
 -21 11 5.75  -30 10.5 5.5  -30 6 10  -21 6.5 10.4
 -21 6.5 10.4  -30 6 10  -30 0 11.5  -21 0 12
 -30 0 11.5  -44 0 10  -44 -5 8.6  -30 -6 10
 -30 -6 10  -44 -5 8.6  -44 -8.75 4.75  -30 -10.5 5.5
 -30 -10.5 5.5  -44 -8.75 4.75  -44 -10.25 -0.25  -30 -12 -0.5
 -30 -12 -0.5  -44 -10.25 -0.25  -44 -8.75 -5.5  -30 -10.5 -6.5
 -30 -10.5 -6.5  -44 -8.75 -5.5  -44 -5 -9.25  -30 -6 -10.8
 -30 -6 -10.8  -44 -5 -9.25  -44 0 -10.5  -30 0 -12.5
 -30 0 -12.5  -44 0 -10.5  -44 5 -9.25  -30 6 -10.8
 -30 6 -10.8  -44 5 -9.25  -44 8.75 -5.5  -30 10.5 -6.5
 -30 10.5 -6.5  -44 8.75 -5.5  -44 10.25 -0.25  -30 12 -0.5
 -30 12 -0.5  -44 10.25 -0.25  -44 8.75 4.75  -30 10.5 5.5
 -30 10.5 5.5  -44 8.75 4.75  -44 5 8.6  -30 6 10
 -30 6 10  -44 5 8.6  -44 0 10  -30 0 11.5
 -44 0 10  -54 0 9  -54 -4.5 7.6  -44 -5 8.6
 -44 -5 8.6  -54 -4.5 7.6  -54 -8 4.25  -44 -8.75 4.75
 -44 -8.75 4.75  -54 -8 4.25  -54 -9.2 -0.25  -44 -10.25 -0.25
 -44 -10.25 -0.25  -54 -9.2 -0.25  -54 -8 -4.75  -44 -8.75 -5.5
 -44 -8.75 -5.5  -54 -8 -4.75  -54 -4.5 -8.3  -44 -5 -9.25
 -44 -5 -9.25  -54 -4.5 -8.3  -54 0 -9.5  -44 0 -10.5
 -44 0 -10.5  -54 0 -9.5  -54 4.5 -8.3  -44 5 -9.25
 -44 5 -9.25  -54 4.5 -8.3  -54 8 -4.75  -44 8.75 -5.5
 -44 8.75 -5.5  -54 8 -4.75  -54 9.2 -0.25  -44 10.25 -0.25
 -44 10.25 -0.25  -54 9.2 -0.25  -54 8 4.25  -44 8.75 4.75
 -44 8.75 4.75  -54 8 4.25  -54 4.5 7.6  -44 5 8.6
 -44 5 8.6  -54 4.5 7.6  -54 0 9  -44 0 10
 -54 0 9  -64 0 8  -64 -4 6.75  -54 -4.5 7.6
 -54 -4.5 7.6  -64 -4 6.75  -64 -7.2 3.75  -54 -8 4.25
 -54 -8 4.25  -64 -7.2 3.75  -64 -8.25 -0.25  -54 -9.2 -0.25
 -54 -9.2 -0.25  -64 -8.25 -0.25  -64 -7.2 -4.3  -54 -8 -4.75
 -54 -8 -4.75  -64 -7.2 -4.3  -64 -4.2 -7.3  -54 -4.5 -8.3
 -54 -4.5 -8.3  -64 -4.2 -7.3  -64 0 -8.5  -54 0 -9.5
 -54 0 -9.5  -64 0 -8.5  -64 4.2 -7.3  -54 4.5 -8.3
 -54 4.5 -8.3  -64 4.2 -7.3  -64 7.2 -4.3  -54 8 -4.75
 -54 8 -4.75  -64 7.2 -4.3  -64 8.25 -0.25  -54 9.2 -0.25
 -54 9.2 -0.25  -64 8.25 -0.25  -64 7.2 3.75  -54 8 4.25
 -54 8 4.25  -64 7.2 3.75  -64 4 6.75  -54 4.5 7.6
 -54 4.5 7.6  -64 4 6.75  -64 0 8  -54 0 9
 -16 0 12  -21 0 12  -21 -6.5 10.4  -16 -6.5 10.4
 -16 -6.5 10.4  -21 -6.5 10.4  -21 -11 5.75  -16 -11 5.75
 -16 -11 5.75  -21 -11 5.75  -21 -12.75 -0.5  -16 -12.75 -0.5  -16 -12.5 2.5
 -16 -12.75 -0.5  -21 -12.75 -0.5  -21 -11 -7  -16 -11 -7  -16 -12.75 -0.5
 -16 -11 -7  -21 -11 -7  -21 -6.3 -11.6  -16 -6.3 -11.6
 -16 -6.3 -11.6  -21 -6.3 -11.6  -21 0 -13.5  -16 0 -13.5
 -16 0 -13.5  -21 0 -13.5  -21 6.3 -11.6  -16 6.3 -11.6
 -16 6.3 -11.6  -21 6.3 -11.6  -21 11 -7  -16 11 -7
 -16 11 -7  -21 11 -7  -21 12.75 -0.5  -16 12.75 -0.5  -16 12.5 -2.5
 -16 12.75 -0.5  -21 12.75 -0.5  -21 11 5.75  -16 11 5.75  -16 12.5 2.5
 -16 11 5.75  -21 11 5.75  -21 6.5 10.4  -16 6.5 10.4
 -16 6.5 10.4  -21 6.5 10.4  -21 0 12  -16 0 12
 -13 0 12  -16 0 12  -16 -6.5 10.4  -13 -6.25 10.5
 -13 -6.25 10.5  -16 -6.5 10.4  -16 -11 5.75  -13 -10.75 5.75
 -13 -10.75 5.75  -16 -11 5.75  -16 -12.5 2.5  -13 -12 2.5
 -13 -12.2 -2.5  -16 -12.5 -2.5  -16 -11 -7  -13 -10.75 -6.75
 -13 -10.75 -6.75  -16 -11 -7  -16 -6.3 -11.6  -13 -6.3 -11.3
 -13 -6.3 -11.3  -16 -6.3 -11.6  -16 0 -13.5  -13 0 -13  -13 -2.5 -12.75
 -13 0 -13  -16 0 -13.5  -16 6.3 -11.6  -13 6.3 -11.3  -13 2.5 -12.75
 -13 6.3 -11.3  -16 6.3 -11.6  -16 11 -7  -13 10.75 -6.75
 -13 10.75 -6.75  -16 11 -7  -16 12.5 -2.5  -13 12.2 -2.5
 -13 12 2.5  -16 12.5 2.5  -16 11 5.75  -13 10.75 5.75
 -13 10.75 5.75  -16 11 5.75  -16 6.5 10.4  -13 6.25 10.5
 -13 6.25 10.5  -16 6.5 10.4  -16 0 12  -13 0 12
 -10 0 11.5  -13 0 12  -13 -6.25 10.5  -10 -5.6 10
 -10 -5.6 10  -13 -6.25 10.5  -13 -10.75 5.75  -10 -10 5.75
 -10 -10 5.75  -13 -10.75 5.75  -13 -12 2.5  -10 -11.25 2.5
 -10 -11.25 -2.5  -13 -12.2 -2.5  -13 -10.75 -6.75  -10 -10 -5.75
 -10 -10 -5.75  -13 -10.75 -6.75  -13 -6.3 -11.3  -10 -5.6 -10
 -10 -5.6 -10  -13 -6.3 -11.3  -13 -2.5 -12.75  -10 -2.5 -11.25
 -10 2.5 -11.25  -13 2.5 -12.75  -13 6.3 -11.3  -10 5.6 -10
 -10 5.6 -10  -13 6.3 -11.3  -13 10.75 -6.75  -10 10 -5.75
 -10 10 -5.75  -13 10.75 -6.75  -13 12.2 -2.5  -10 11.25 -2.5
 -10 11.25 2.5  -13 12 2.5  -13 10.75 5.75  -10 10 5.75
 -10 10 5.75  -13 10.75 5.75  -13 6.25 10.5  -10 5.6 10
 -10 5.6 10  -13 6.25 10.5  -13 0 12  -10 0 11.5
 -8 0 10.5  -10 0 11.5  -10 -5.6 10  -8 -5.25 9.2
 -8 -5.25 9.2  -10 -5.6 10  -10 -10 5.75  -8 -9.1 5.3
 -8 -9.1 5.3  -10 -10 5.75  -10 -11.25 2.5  -8 -10.3 2.5
 -8 -10.3 -2.5  -10 -11.25 -2.5  -10 -10 -5.75  -8 -9.1 -5.3
 -8 -9.1 -5.3  -10 -10 -5.75  -10 -5.6 -10  -8 -5.25 -9.2
 -8 -5.25 -9.2  -10 -5.6 -10  -10 -2.5 -11.25  -8 -2.5 -10.3
 -8 2.5 -10.3  -10 2.5 -11.25  -10 5.6 -10  -8 5.25 -9.2
 -8 5.25 -9.2  -10 5.6 -10  -10 10 -5.75  -8 9.1 -5.3
 -8 9.1 -5.3  -10 10 -5.75  -10 11.25 -2.5  -8 10.3 -2.5
 -8 10.3 2.5  -10 11.25 2.5  -10 10 5.75  -8 9.1 5.3
 -8 9.1 5.3  -10 10 5.75  -10 5.6 10  -8 5.25 9.2
 -8 5.25 9.2  -10 5.6 10  -10 0 11.5  -8 0 10.5
 -6 0 10.5  -8 0 10.5  -8 -5.25 9.2  -6 -5.25 9.2
 -6 -5.25 9.2  -8 -5.25 9.2  -8 -9.1 5.3  -6 -9.1 5.3
 -6 -9.1 5.3  -8 -9.1 5.3  -8 -10.3 2.5  -6 -10.3 2.5
 -6 -10.3 -2.5  -8 -10.3 -2.5  -8 -9.1 -5.3  -6 -9.1 -5.3
 -6 -9.1 -5.3  -8 -9.1 -5.3  -8 -5.25 -9.2  -6 -5.25 -9.2
 -6 -5.25 -9.2  -8 -5.25 -9.2  -8 -2.5 -10.3  -6 -2.5 -10.3
 -6 2.5 -10.3  -8 2.5 -10.3  -8 5.25 -9.2  -6 5.25 -9.2
 -6 5.25 -9.2  -8 5.25 -9.2  -8 9.1 -5.3  -6 9.1 -5.3
 -6 9.1 -5.3  -8 9.1 -5.3  -8 10.3 -2.5  -6 10.3 -2.5
 -6 10.3 2.5  -8 10.3 2.5  -8 9.1 5.3  -6 9.1 5.3
 -6 9.1 5.3  -8 9.1 5.3  -8 5.25 9.2  -6 5.25 9.2
 -6 5.25 9.2  -8 5.25 9.2  -8 0 10.5  -6 0 10.5
 -6 0 9.5  -6 0 10.5  -6 -5.25 9.2  -6 -4.6 8.25
 -6 -4.6 8.25  -6 -5.25 9.2  -6 -9.1 5.3  -6 -8.25 4.6
 -6 -8.25 4.6  -6 -9.1 5.3  -6 -10.3 2.5  -6 -9.25 2.5
 -6 -9.25 -2.5  -6 -10.3 -2.5  -6 -9.1 -5.3  -6 -8.25 -4.6
 -6 -8.25 -4.6  -6 -9.1 -5.3  -6 -5.25 -9.2  -6 -4.6 -8.25
 -6 -4.6 -8.25  -6 -5.25 -9.2  -6 -2.5 -10.3  -6 -2.5 -9.25
 -6 2.5 -9.25  -6 2.5 -10.3  -6 5.25 -9.2  -6 4.6 -8.25
 -6 4.6 -8.25  -6 5.25 -9.2  -6 9.1 -5.3  -6 8.25 -4.6
 -6 8.25 -4.6  -6 9.1 -5.3  -6 10.3 -2.5  -6 9.25 -2.5
 -6 9.25 2.5  -6 10.3 2.5  -6 9.1 5.3  -6 8.25 4.6
 -6 8.25 4.6  -6 9.1 5.3  -6 5.25 9.2  -6 4.6 8.25
 -6 4.6 8.25  -6 5.25 9.2  -6 0 10.5  -6 0 9.5
 -2 0 8.5  -6 0 9.5  -6 -4.6 8.25  -2 -4.3 7.3
 -2 -4.3 7.3  -6 -4.6 8.25  -6 -8.25 4.6  -2 -7.3 4.3
 -2 -7.3 4.3  -6 -8.25 4.6  -6 -9.25 2.5  -4 -8.6 2.5  -4 -9 0  -2 -8.5 0
 -2 -8.5 0  -4 -9 0  -4 -8.6 -2.5  -6 -9.25 -2.5  -6 -8.25 -4.6  -2 -7.3 -4.3
 -2 -7.3 -4.3  -6 -8.25 -4.6  -6 -4.6 -8.25  -2 -4.3 -7.3
 -2 -4.3 -7.3  -6 -4.6 -8.25  -6 -2.5 -9.25  -4 -2.5 -8.6  -4 0 -9  -2 0 -8.5
 -2 0 -8.5  -4 0 -9  -4 2.5 -8.6  -6 2.5 -9.25  -6 4.6 -8.25  -2 4.3 -7.3
 -2 4.3 -7.3  -6 4.6 -8.25  -6 8.25 -4.6  -2 7.3 -4.3
 -2 7.3 -4.3  -6 8.25 -4.6  -6 9.25 -2.5  -4 8.6 -2.5  -4 9 0  -2 8.5 0
 -2 8.5 0  -4 9 0  -4 8.6 2.5  -6 9.25 2.5  -6 8.25 4.6  -2 7.3 4.3
 -2 7.3 4.3  -6 8.25 4.6  -6 4.6 8.25  -2 4.3 7.3
 -2 4.3 7.3  -6 4.6 8.25  -6 0 9.5  -2 0 8.5
 0 0 7.5  -2 0 7.5  -2 -3.6 6.5  0 -3.6 6.5
 0 -3.6 6.5  -2 -3.6 6.5  -2 -6.5 3.6  0 -6.5 3.6
 0 -6.5 3.6  -2 -6.5 3.6  -2 -7.5 0  0 -7.5 0
 0 -7.5 0  -2 -7.5 0  -2 -6.5 -3.6  0 -6.5 -3.6
 0 -6.5 -3.6  -2 -6.5 -3.6  -2 -3.6 -6.5  0 -3.6 -6.5
 0 -3.6 -6.5  -2 -3.6 -6.5  -2 0 -7.5  0 0 -7.5
 0 0 -7.5  -2 0 -7.5  -2 3.6 -6.5  0 3.6 -6.5
 0 3.6 -6.5  -2 3.6 -6.5  -2 6.5 -3.6  0 6.5 -3.6
 0 6.5 -3.6  -2 6.5 -3.6  -2 7.5 0  0 7.5 0
 0 7.5 0  -2 7.5 0  -2 6.5 3.6  0 6.5 3.6
 0 6.5 3.6  -2 6.5 3.6  -2 3.6 6.5  0 3.6 6.5
 0 3.6 6.5  -2 3.6 6.5  -2 0 7.5  0 0 7.5
 -4 -8.6 2.5  -4 -11 2.5  -4 -11 -2.5  -4 -8.6 -2.5  -4 -9 0
 -4 -2.5 -8.6  -4 -2.5 -11  -4 2.5 -11  -4 2.5 -8.6  -4 0 -9
 -4 8.6 -2.5  -4 11 -2.5  -4 11 2.5  -4 8.6 2.5  -4 9 0
 -16 -12.5 2.5  -16 -12.75 -0.5  -16 -12.5 -2.5  -4 -11 -2.5  -4 -11 2.5
 -13 -12 2.5  -16 -12.5 2.5  -4 -11 2.5  -4 -8.6 2.5  -6 -9.25 2.5  -6 -10.3 2.5  -8 -10.3 2.5  -10 -11.25 2.5
 -13 -12.2 -2.5  -16 -12.5 -2.5  -4 -11 -2.5  -4 -8.6 -2.5  -6 -9.25 -2.5 -6 -10.3 -2.5  -8 -10.3 -2.5  -10 -11.25 -2.5
 -13 -2.5 -12.75  -13 0 -13  -13 2.5 -12.75  -4 2.5 -11  -4 -2.5 -11
 -13 -2.5 -12.75  -4 -2.5 -11  -4 -2.5 -8.6  -6 -2.5 -9.25  -6 -2.5 -10.3 -8 -2.5 -10.3  -10 -2.5 -11.25
 -4 2.5 -8.6  -4 2.5 -11  -13 2.5 -12.75  -10 2.5 -11.25  -8 2.5 -10.3 -6 2.5 -10.3  -6 2.5 -9.25
 -4 11 2.5  -4 11 -2.5  -16 12.5 -2.5  -16 12.75 -0.5  -16 12.5 2.5
 -4 11 2.5  -16 12.5 2.5  -13 12 2.5  -10 11.25 2.5  -8 10.3 2.5  -6 10.3 2.5  -6 9.25 2.5  -4 8.6 2.5
 -4 11 -2.5  -4 8.6 -2.5  -6 9.25 -2.5  -6 10.3 -2.5  -8 10.3 -2.5  -10 11.25 -2.5  -13 12.2 -2.5  -16 12.5 -2.5
 -64 0 8  -72 0 7.5  -72 -4 6.6  -64 -4 6.75
 -64 -4 6.75  -72 -4 6.6  -72 -6.75 3.6  -64 -7.2 3.75
 -64 -7.2 3.75  -72 -6.75 3.6  -72 -8 -0.25  -64 -8.25 -0.25
 -64 -8.25 -0.25  -72 -8 -0.25  -72 -7.3 -3.25  -69 -6.6 -4.25  -64 -7.2 -4.3
 -64 -7.2 -4.3  -69 -6.6 -4.25  -66.35 -4 -7  -64 -4.2 -7.3
 -64 -4.2 -7.3  -66.35 -4 -7  -66 0 -8  -64 0 -8.5
 -64 0 -8.5  -66 0 -8  -66.35 4 -7  -64 4.2 -7.3
 -64 4.2 -7.3  -66.35 4 -7  -69 6.6 -4.25  -64 7.2 -4.3
 -64 8.25 -0.25  -64 7.2 -4.3  -69 6.6 -4.25  -72 7.3 -3.25  -72 8 -0.25
 -64 8.25 -0.25  -72 8 -0.25  -72 6.75 3.6  -64 7.2 3.75
 -64 7.2 3.75  -72 6.75 3.6  -72 4 6.6  -64 4 6.75
 -64 4 6.75  -72 4 6.6  -72 0 7.5  -64 0 8
 -72 -7.3 -3.25  -72 -8 -0.25  -80 -7.3 -0.25  -80 -7 -2  -76 -6.25 -2.3
 -72 -7.3 -3.25  -72 7.3 -3.25  -69 6.6 -4.25  -66.35 4 -7  -66 0 -8 -66.35 -4 -7  -69 -6.6 -4.25  -72 -7.3 -3.25
 -72 0 7.5  -80 0 7  -80 -3.6 6.3  -72 -4 6.6
 -72 -4 6.6  -80 -3.6 6.3  -80 -6.3 3.5  -72 -6.75 3.6
 -72 -6.75 3.6  -80 -6.3 3.5  -80 -7.3 -0.25  -72 -8 -0.25
 -80 7 -2  -80 7.3 -0.25  -72 8 -0.25  -72 7.3 -3.25  -76 6.25 -2.3
 -72 8 -0.25  -80 7.3 -0.25  -80 6.3 3.5  -72 6.75 3.6
 -72 6.75 3.6  -80 6.3 3.5  -80 3.6 6.3  -72 4 6.6
 -72 4 6.6  -80 3.6 6.3  -80 0 7  -72 0 7.5
 -80 -7 -2  -80 7 -2  -76 6.25 -2.3  -72 7.3 -3.25  -72 -7.3 -3.25  -76 -6.25 -2.3
 -80 0 7  -85 0 7  -85 -3.6 6  -80 -3.6 6.3
 -80 -3.6 6.3  -85 -3.6 6  -85 -5 5  -83.75 -5.6 4.5  -83.3 -6.3 3.5  -80 -6.3 3.5
 -80 -6.3 3.5  -83.3 -6.3 3.5  -83 -7.25 -0.25  -80 -7.3 -0.25
 -80 -7.3 -0.25  -83 -7.25 -0.25  -83 -7 -2  -80 -7 -2
 -80 7 -2  -83 7 -2  -83 7.25 -0.25  -80 7.3 -0.25
 -80 7.3 -0.25  -83 7.25 -0.25  -83.3 6.3 3.5  -80 6.3 3.5
 -80 3.6 6.3  -80 6.3 3.5  -83.3 6.3 3.5  -83.75 5.6 4.5  -85 5 5  -85 3.6 6
 -80 3.6 6.3  -85 3.6 6  -85 0 7  -80 0 7
 -85 -6 -0.25  -85 -6 -2  -83 -7 -2  -83 -7.25 -0.25
 -87 -4 -0.25  -87 -4 -2  -85 -6 -2  -85 -6 -0.25
 -88 0 -0.25  -88 0 -2  -87 -4 -2  -87 -4 -0.25
 -87 4 -0.25  -87 4 -2  -88 0 -2  -88 0 -0.25
 -85 6 -0.25  -85 6 -2  -87 4 -2  -87 4 -0.25
 -83 7.25 -0.25  -83 7 -2  -85 6 -2  -85 6 -0.25
 -83 7.25 -0.25  -83 -7.25 -0.25  -83.3 -6.3 3.5  -83.75 -5.6 4.5  -85 -5 5  -85 -3.6 6  -85 0 7  -85 3.6 6  -85 5 5  -83.75 5.6 4.5  -83.3 6.3 3.5
 -83 -7.25 -0.25  -83 -6 -0.25  -84.5 -5 -0.25  -85 -6 -0.25
 -85 -6 -0.25  -84.5 -5 -0.25  -86.2 -3.2 -0.25  -87 -4 -0.25
 -87 -4 -0.25  -86.2 -3.2 -0.25  -87 0 -0.25  -88 0 -0.25
 -88 0 -0.25  -87 0 -0.25  -86.2 3.2 -0.25  -87 4 -0.25
 -87 4 -0.25  -86.2 3.2 -0.25  -84.5 5 -0.25  -85 6 -0.25
 -85 6 -0.25  -84.5 5 -0.25  -83 6 -0.25  -83 7.25 -0.25
 -84.5 -5 -0.25  -83 -6 -0.25  -83 -4.6 3  -84 -4 3
 -86.2 -3.2 -0.25  -84.5 -5 -0.25  -84 -4 3  -85.3 -2.5 3
 -87 0 -0.25  -86.2 -3.2 -0.25  -85.3 -2.5 3  -86 0 3
 -86.2 3.2 -0.25  -87 0 -0.25  -86 0 3  -85.3 2.5 3
 -84.5 5 -0.25  -86.2 3.2 -0.25  -85.3 2.5 3  -84 4 3
 -83 6 -0.25  -84.5 5 -0.25  -84 4 3  -83 4.6 3
 -84 -4 3  -83 -4.6 3  -82 0 7
 -85.3 -2.5 3  -84 -4 3  -82 0 7
 -86 0 3  -85.3 -2.5 3  -82 0 7
 -85.3 2.5 3  -86 0 3  -82 0 7
 -84 4 3  -85.3 2.5 3  -82 0 7
 -83 4.6 3  -84 4 3  -82 0 7
 -80 7 -2  -80 -7 -2  -83 -7 -2  -85 -6 -2  -87 -4 -2  -88 0 -2  -87 4 -2 -85 6 -2  -83 7 -2
 -76 -6.25 -2.3  -80 -7 -2  -80 7 -2  -76 6.25 -2.3
 -72 -7.3 -3.25  -76 -6.25 -2.3  -76 6.25 -2.3  -72 7.3 -3.25
 0 0 7.5  0 -3.6 6.5  0 -6.5 3.6  0 -7.5 0  0 -6.5 -3.6  0 -3.6 -6.5  0 0 -7.5  0 3.6 -6.5  0 6.5 -3.6  0 7.5 0  0 6.5 3.6  0 3.6 6.5
 -2 0 8.5  -2 -4.3 7.3  -2 -7.3 4.3  -2 -8.5 0  -2 -7.3 -4.3  -2 -4.3 -7.3  -2 0 -8.5  -2 4.3 -7.3  -2 7.3 -4.3  -2 8.5 0  -2 7.3 4.3  -2 4.3 7.3
 4 0 7  4 -3.5 6.1  2 -0.5 0.9  2 0 1
 4 -3.5 6.1  4 -6.1 3.5  2 -0.8 0.5  2 -0.5 0.9
 4 -6.1 3.5  4 -7 0  2 -1 0  2 -0.8 0.5
 4 -7 0  4 -6.1 -3.5  2 -0.8 -0.5  2 -1 0
 4 -6.1 -3.5  4 -3.5 -6.1  2 -0.5 -0.9  2 -0.8 -0.5
 4 -3.5 -6.1  4 0 -7  2 0 -1  2 -0.5 -0.9
 4 0 -7  4 3.5 -6.1  2 0.5 -0.9  2 0 -1
 4 3.5 -6.1  4 6.1 -3.5  2 0.8 -0.5  2 0.5 -0.9
 4 6.1 -3.5  4 7 0  2 1 0  2 0.8 -0.5
 4 7 0  4 6.1 3.5  2 0.8 0.5  2 1 0
 4 6.1 3.5  4 3.5 6.1  2 0.5 0.9  2 0.8 0.5
 4 3.5 6.1  4 0 7  2 0 1  2 0.5 0.9
 4 0 7  2 0 1  2 -0.5 0.9  4 -3.5 6.1
 4 -3.5 6.1  2 -0.5 0.9  2 -0.8 0.5  4 -6.1 3.5
 4 -6.1 3.5  2 -0.8 0.5  2 -1 0  4 -7 0
 4 -7 0  2 -1 0  2 -0.8 -0.5  4 -6.1 -3.5
 4 -6.1 -3.5  2 -0.8 -0.5  2 -0.5 -0.9  4 -3.5 -6.1
 4 -3.5 -6.1  2 -0.5 -0.9  2 0 -1  4 0 -7
 4 0 -7  2 0 -1  2 0.5 -0.9  4 3.5 -6.1
 4 3.5 -6.1  2 0.5 -0.9  2 0.8 -0.5  4 6.1 -3.5
 4 6.1 -3.5  2 0.8 -0.5  2 1 0  4 7 0
 4 7 0  2 1 0  2 0.8 0.5  4 6.1 3.5
 4 6.1 3.5  2 0.8 0.5  2 0.5 0.9  4 3.5 6.1
 4 3.5 6.1  2 0.5 0.9  2 0 1  4 0 7
 2 0 1  0 0 1  0 -0.5 0.9  2 -0.5 0.9
 2 -0.5 0.9  0 -0.5 0.9  0 -0.8 0.5  2 -0.8 0.5
 2 -0.8 0.5  0 -0.8 0.5  0 -1 0  2 -1 0
 2 -1 0  0 -1 0  0 -0.8 -0.5  2 -0.8 -0.5
 2 -0.8 -0.5  0 -0.8 -0.5  0 -0.5 -0.9  2 -0.5 -0.9
 2 -0.5 -0.9  0 -0.5 -0.9  0 0 -1  2 0 -1
 2 0 -1  0 0 -1  0 0.5 -0.9  2 0.5 -0.9
 2 0.5 -0.9  0 0.5 -0.9  0 0.8 -0.5  2 0.8 -0.5
 2 0.8 -0.5  0 0.8 -0.5  0 1 0  2 1 0
 2 1 0  0 1 0  0 0.8 0.5  2 0.8 0.5
 2 0.8 0.5  0 0.8 0.5  0 0.5 0.9  2 0.5 0.9
 2 0.5 0.9  0 0.5 0.9  0 0 1  2 0 1
 0 0 5  0 0 6  0 -3 5  0 -5 3  0 -6 0  0 -5 -3  0 -3 -5  0 0 -6  0 0 -5 0 -2.6 -4.3  0 -4.3 -2.6  0 -5 0  0 -4.3 2.6  0 -2.6 4.3
 0 0 -5  0 0 -6  0 3 -5  0 5 -3  0 6 0  0 5 3  0 3 5  0 0 6  0 0 5  0 2.6 4.3  0 4.3 2.6  0 5 0  0 4.3 -2.6  0 2.6 -4.3
 0 0 2.5  0 0 3.5  0 -2 3  0 -3 2  0 -3.5 0  0 -3 -2  0 -2 -3  0 0 -3.5 0 0 -2.5  0 -1.5 -2  0 -2.2 -1.4  0 -2.5 0  0 -2.2 1.4  0 -1.5 2
 0 0 -2.5  0 0 -3.5  0 2 -3  0 3 -2  0 3.5 0  0 3 2  0 2 3  0 0 3.5  0 0 2.5  0 1.5 2  0 2.2 1.4  0 2.5 0  0 2.2 -1.4  0 1.5 -2
 2 -0.25 0.25  2 0.25 0.25  8 0 0
 2 0.25 0.25  2 0 -0.25  8 0 0
 2 0 -0.25  2 -0.25 0.25  8 0 0
 -33 39.3 44.6  -34 39.3 45.1  -34 35.8 44.1  -33 36.1 43.6
 -33 36.1 43.6  -34 35.8 44.1  -34 33.3 41.6  -33 33.8 41.3
 -33 33.8 41.3  -34 33.3 41.6  -34 32.3 38.1  -33 32.8 38.1
 -33 32.8 38.1  -34 32.3 38.1  -34 33.3 34.6  -33 33.8 34.9
 -33 33.8 34.9  -34 33.3 34.6  -34 35.8 32.1  -33 36.1 32.6
 -33 36.1 32.6  -34 35.8 32.1  -34 39.3 31.1  -33 39.3 31.6
 -33 39.3 31.6  -34 39.3 31.1  -34 42.8 32.1  -33 42.5 32.6
 -33 42.5 32.6  -34 42.8 32.1  -34 45.3 34.6  -33 44.8 34.9
 -33 44.8 34.9  -34 45.3 34.6  -34 46.3 38.1  -33 45.8 38.1
 -33 45.8 38.1  -34 46.3 38.1  -34 45.3 41.6  -33 44.8 41.3
 -33 44.8 41.3  -34 45.3 41.6  -34 42.8 44.1  -33 42.5 43.6
 -33 42.5 43.6  -34 42.8 44.1  -34 39.3 45.1  -33 39.3 44.6
 -30 39.3 44.1  -33 39.3 44.6  -33 36.1 43.6  -30 36.3 43.1
 -30 36.3 43.1  -33 36.1 43.6  -33 33.8 41.3  -30 34.3 41.1
 -30 34.3 41.1  -33 33.8 41.3  -33 32.8 38.1  -30 33.3 38.1
 -30 33.3 38.1  -33 32.8 38.1  -33 33.8 34.9  -30 34.3 35.1
 -30 34.3 35.1  -33 33.8 34.9  -33 36.1 32.6  -30 36.3 33.1
 -30 36.3 33.1  -33 36.1 32.6  -33 39.3 31.6  -30 39.3 32.1
 -30 39.3 32.1  -33 39.3 31.6  -33 42.5 32.6  -30 42.3 33.1
 -30 42.3 33.1  -33 42.5 32.6  -33 44.8 34.9  -30 44.3 35.1
 -30 44.3 35.1  -33 44.8 34.9  -33 45.8 38.1  -30 45.3 38.1
 -30 45.3 38.1  -33 45.8 38.1  -33 44.8 41.3  -30 44.3 41.1
 -30 44.3 41.1  -33 44.8 41.3  -33 42.5 43.6  -30 42.3 43.1
 -30 42.3 43.1  -33 42.5 43.6  -33 39.3 44.6  -30 39.3 44.1
 -27 39.3 41.6  -30 39.3 44.1  -30 36.3 43.1  -27 37.55 41.1
 -27 37.55 41.1  -30 36.3 43.1  -30 34.3 41.1  -27 36.3 39.85
 -27 36.3 39.85  -30 34.3 41.1  -30 33.3 38.1  -27 35.8 38.1
 -27 35.8 38.1  -30 33.3 38.1  -30 34.3 35.1  -27 36.3 36.35
 -27 36.3 36.35  -30 34.3 35.1  -30 36.3 33.1  -27 37.55 35.1
 -27 37.55 35.1  -30 36.3 33.1  -30 39.3 32.1  -27 39.3 34.6
 -27 39.3 34.6  -30 39.3 32.1  -30 42.3 33.1  -27 41.05 35.1
 -27 41.05 35.1  -30 42.3 33.1  -30 44.3 35.1  -27 42.3 36.35
 -27 42.3 36.35  -30 44.3 35.1  -30 45.3 38.1  -27 42.8 38.1
 -27 42.8 38.1  -30 45.3 38.1  -30 44.3 41.1  -27 42.3 39.85
 -27 42.3 39.85  -30 44.3 41.1  -30 42.3 43.1  -27 41.05 41.1
 -27 41.05 41.1  -30 42.3 43.1  -30 39.3 44.1  -27 39.3 41.6
 -26 39.3 38.1  -27 39.3 41.6  -27 37.55 41.1
 -26 39.3 38.1  -27 37.55 41.1  -27 36.3 39.85
 -26 39.3 38.1  -27 36.3 39.85  -27 35.8 38.1
 -26 39.3 38.1  -27 35.8 38.1  -27 36.3 36.35
 -26 39.3 38.1  -27 36.3 36.35  -27 37.55 35.1
 -26 39.3 38.1  -27 37.55 35.1  -27 39.3 34.6
 -26 39.3 38.1  -27 39.3 34.6  -27 41.05 35.1
 -26 39.3 38.1  -27 41.05 35.1  -27 42.3 36.35
 -26 39.3 38.1  -27 42.3 36.35  -27 42.8 38.1
 -26 39.3 38.1  -27 42.8 38.1  -27 42.3 39.85
 -26 39.3 38.1  -27 42.3 39.85  -27 41.05 41.1
 -26 39.3 38.1  -27 41.05 41.1  -27 39.3 41.6
 -34 39.3 45.1  -145 39.3 43.6  -145 36.7 42.85  -34 35.8 44.1
 -34 35.8 44.1  -145 36.7 42.85  -145 34.55 40.7  -34 33.3 41.6
 -34 33.3 41.6  -145 34.55 40.7  -145 33.8 38.1  -130 33.6 38.1  -129 34.35 38.1  -54 33.45 38.1  -53 32.7 38.1  -34 32.3 38.1
 -34 32.3 38.1  -145 33.8 38.1  -145 34.55 35.5  -34 33.3 34.6
 -34 33.3 34.6  -145 34.55 35.5  -145 36.7 33.35  -34 35.8 32.1
 -34 35.8 32.1  -145 36.7 33.35  -145 39.3 32.6  -34 39.3 31.1
 -34 39.3 31.1  -145 39.3 32.6  -145 41.9 33.35  -34 42.8 32.1
 -34 42.8 32.1  -145 41.9 33.35  -145 44.05 35.5  -34 45.3 34.6
 -34 45.3 34.6  -145 44.05 35.5  -145 44.8 38.1  -34 46.3 38.1
 -34 46.3 38.1  -145 44.8 38.1  -145 44.05 40.7  -34 45.3 41.6
 -34 45.3 41.6  -145 44.05 40.7  -145 41.9 42.85  -34 42.8 44.1
 -34 42.8 44.1  -145 41.9 42.85  -145 39.3 43.6  -34 39.3 45.1
 -145 39.3 43.6  -153 39.3 43.6  -153 36.7 42.85  -145 36.7 42.85
 -145 36.7 42.85  -153 36.7 42.85  -152 34.55 40.7  -145 34.55 40.7
 -145 34.55 40.7  -152 34.55 40.7  -149 33.8 38.1  -145 33.8 38.1
 -145 33.8 38.1  -149 33.8 38.1  -147.5 34.55 35.5  -145 34.55 35.5
 -145 34.55 35.5  -147.5 34.55 35.5  -147 36.7 33.35  -145 36.7 33.35
 -145 36.7 33.35  -147 36.7 33.35  -147 39.3 32.6  -145 39.3 32.6
 -145 39.3 32.6  -147 39.3 32.6  -147 41.9 33.35  -145 41.9 33.35
 -145 41.9 33.35  -147 41.9 33.35  -147.5 44.05 35.5  -145 44.05 35.5
 -145 44.05 35.5  -147.5 44.05 35.5  -149 44.8 38.1  -145 44.8 38.1
 -145 44.8 38.1  -149 44.8 38.1  -152 44.05 40.7  -145 44.05 40.7
 -145 44.05 40.7  -152 44.05 40.7  -153 41.9 42.85  -145 41.9 42.85
 -145 41.9 42.85  -153 41.9 42.85  -153 39.3 43.6  -145 39.3 43.6
 -153 39.3 43.6  -153 41.9 42.85  -152 44.05 40.7  -149 44.8 38.1  -147.5 44.05 35.5  -147 41.9 33.35  -147 39.3 32.6  -147 36.7 33.35  -147.5 34.55 35.5 -149 33.8 38.1  -152 34.55 40.7  -153 36.7 42.85
 -63 6 6.5  -55 6 6.5  -55 33.7 33.8  -63 33.7 33.8
 -55 7.7 4.8  -63 7.7 4.8  -63 35.3 31.8  -55 35.3 31.8
 -55 33.7 33.8  -55 6 6.5  -55 7.7 4.8  -55 35.3 31.8
 -63 35.3 31.8  -63 7.7 4.8  -63 6 6.5  -63 33.7 33.8
 -46 33.3 34.6  -44 32.8 33.6  -36 32.8 33.6  -36 33.3 34.6
 -46 33.3 34.6  -46 35.8 32.1  -44 34.3 31.9  -44 32.8 33.6
 -44 32.8 33.6  -44 34.3 31.9  -36 34.3 31.9  -36 32.8 33.6
 -44 34.3 31.9  -46 35.8 32.1  -36 35.8 32.1  -36 34.3 31.9
 -36 33.3 34.6  -36 32.8 33.6  -36 34.3 31.9  -36 35.8 32.1
 -46 37.3 31.5  -44 37.8 30.1  -36 37.8 30.1  -36 37.3 31.5
 -44 40.8 30.1  -44 37.8 30.1  -46 37.3 31.5  -46 39.3 31.1  -46 41.3 31.5
 -44 37.8 30.1  -44 40.8 30.1  -36 40.8 30.1  -36 37.8 30.1
 -44 40.8 30.1  -46 41.3 31.5  -36 41.3 31.5  -36 40.8 30.1
 -36 37.3 31.5  -36 37.8 30.1  -36 40.8 30.1  -36 41.3 31.5  -36 39.3 31.1
 -46 42.8 32.1  -44 44.3 31.9  -36 44.3 31.9  -36 42.8 32.1
 -46 42.8 32.1  -46 45.3 34.6  -44 45.8 33.6  -44 44.3 31.9
 -44 44.3 31.9  -44 45.8 33.6  -36 45.8 33.6  -36 44.3 31.9
 -44 45.8 33.6  -46 45.3 34.6  -36 45.3 34.6  -36 45.8 33.6
 -36 42.8 32.1  -36 44.3 31.9  -36 45.8 33.6  -36 45.3 34.6
 -117 33.8 44.1  -117 35.7 42.6  -120 35.7 42.6  -120 34.8 43.1  -121 34.55 43.4  -138 34.75 43.2  -139 35 42.9  -139 35.9 42.4  -142 35.9 42.4  -142 34 43.9  -141 33.75 44.25  -118 33.55 44.45
 -120 34.1 42.3  -120 34.8 41.6  -117 34.8 41.6  -117 33 43.4  -118 32.8 43.6  -141 33 43.4  -142 33.2 43.2  -142 35 41.4  -139 35 41.4  -139 34.3 42.1 -138 34 42.4  -121 33.8 42.6
 -117 34.8 41.6  -117 35.7 42.6  -117 33.8 44.1  -117 33 43.4
 -117 33 43.4  -117 33.8 44.1  -118 33.55 44.45  -118 32.8 43.6
 -118 32.8 43.6  -118 33.55 44.45  -141 33.75 44.25  -141 33 43.4
 -141 33 43.4  -141 33.75 44.25  -142 34 43.9  -142 33.2 43.2
 -142 33.2 43.2  -142 34 43.9  -142 35.9 42.4  -142 35 41.4
 -120 34.1 42.3  -120 34.8 43.1  -120 35.7 42.6  -120 34.8 41.6
 -121 33.8 42.6  -121 34.55 43.4  -120 34.8 43.1  -120 34.1 42.3
 -121 33.8 42.6  -121 34.55 43.4  -138 34.75 43.2  -138 34 42.4
 -138 34 42.4  -138 34.75 43.2  -139 35 42.9  -139 34.3 42.1
 -139 34.3 42.1  -139 35 42.9  -139 35.9 42.4  -139 35 41.4
 -117 45.6 43.4  -117 43.8 41.6  -120 43.8 41.6  -120 44.5 42.3  -121 44.8 42.6  -138 44.6 42.4  -139 44.3 42.1  -139 43.6 41.4  -142 43.6 41.4  -142 45.4 43.2  -141 45.6 43.4  -118 45.8 43.6
 -120 42.9 42.6  -117 42.9 42.6  -117 44.8 44.1  -118 45.05 44.45  -141 44.85 44.25  -142 44.6 43.9  -142 42.7 42.4  -139 42.7 42.4  -139 43.6 42.9 -138 43.85 43.2  -121 44.05 43.4  -120 43.8 43.1
 -117 42.9 42.6  -117 43.8 41.6  -117 45.6 43.4  -117 44.8 44.1
 -117 44.8 44.1  -117 45.6 43.4  -118 45.8 43.6  -118 45.05 44.45
 -118 45.05 44.45  -118 45.8 43.6  -141 45.6 43.4  -141 44.85 44.25
 -141 44.85 44.25  -141 45.6 43.4  -142 45.4 43.2  -142 44.6 43.9
 -142 44.6 43.9  -142 45.4 43.2  -142 43.6 41.4  -142 42.7 42.4
 -139 42.7 42.4  -139 43.6 41.4  -139 44.3 42.1  -139 43.6 42.9
 -139 43.6 42.9  -139 44.3 42.1  -138 44.6 42.4  -138 43.85 43.2
 -138 43.85 43.2  -138 44.6 42.4  -121 44.8 42.6  -121 44.05 43.4
 -121 44.05 43.4  -121 44.8 42.6  -120 44.5 42.3  -120 43.8 43.1
 -120 43.8 43.1  -120 44.5 42.3  -120 43.8 41.6  -120 42.9 42.6
 -142 34.1 40.1  -142 32.8 40.1  -133 32.8 40.1  -133 34.1 40.1
 -142 32.8 40.1  -142 32.8 37.1  -133 32.8 37.1  -133 32.8 40.1
 -142 32.8 37.1  -142 34.1 36.1  -133 34.1 36.1  -133 32.8 37.1
 -133 34.1 40.1  -133 32.8 40.1  -133 32.8 37.1  -133 34.1 36.1  -133 33.8 38.1
 -142 33.8 38.1  -142 34.1 36.1  -142 32.8 37.1  -142 32.8 40.1  -142 34.1 40.1
 -133 44.5 40.1  -133 45.8 39.1  -142 45.8 39.1  -142 44.5 40.1
 -133 45.8 39.1  -133 45.8 36.1  -142 45.8 36.1  -142 45.8 39.1
 -133 45.8 36.1  -133 44.5 36.1  -142 44.5 36.1  -142 45.8 36.1
 -133 44.5 36.1  -133 45.8 36.1  -133 45.8 39.1  -133 44.5 40.1  -133 44.8 38.1
 -142 44.5 40.1  -142 45.8 39.1  -142 45.8 36.1  -142 44.5 36.1  -142 44.8 38.1
 -128 33.95 40.1  -127 34.7 39.6  -56 33.7 39.6  -55 32.95 40.1
 -128 33.95 40.1  -129.5 33.8 39.6  -130 33.6 38.1  -129 34.35 38.1 -128.5 34.55 39.1  -127 34.7 39.6
 -130 33.6 38.1  -129.5 33.8 36.6  -128 33.95 36.1  -127 34.7 36.6 -128.5 34.55 37.1  -129 34.35 38.1
 -127 34.7 36.6  -128 33.95 36.1  -55 32.95 36.1  -56 33.7 36.6
 -56 33.7 36.6  -55 32.95 36.1  -53.5 32.8 36.6  -53 32.7 38.1  -54 33.45 38.1  -54.5 33.55 37.1
 -54 33.45 38.1  -53 32.7 38.1  -53.5 32.8 39.6  -55 32.95 40.1  -56 33.7 39.6  -54.5 33.55 39.1
 -127 34.7 39.6  -128.5 34.55 39.1  -129 34.35 38.1  -128.5 34.55 37.1 -127 34.7 36.6  -56 33.7 36.6  -54.5 33.55 37.1  -54 33.45 38.1  -54.5 33.55 39.1  -56 33.7 39.6
 -33 -39.3 44.6  -34 -39.3 45.1  -34 -42.8 44.1  -33 -42.5 43.6
 -33 -42.5 43.6  -34 -42.8 44.1  -34 -45.3 41.6  -33 -44.8 41.3
 -33 -44.8 41.3  -34 -45.3 41.6  -34 -46.3 38.1  -33 -45.8 38.1
 -33 -45.8 38.1  -34 -46.3 38.1  -34 -45.3 34.6  -33 -44.8 34.9
 -33 -44.8 34.9  -34 -45.3 34.6  -34 -42.8 32.1  -33 -42.5 32.6
 -33 -42.5 32.6  -34 -42.8 32.1  -34 -39.3 31.1  -33 -39.3 31.6
 -33 -39.3 31.6  -34 -39.3 31.1  -34 -35.8 32.1  -33 -36.1 32.6
 -33 -36.1 32.6  -34 -35.8 32.1  -34 -33.3 34.6  -33 -33.8 34.9
 -33 -33.8 34.9  -34 -33.3 34.6  -34 -32.3 38.1  -33 -32.8 38.1
 -33 -32.8 38.1  -34 -32.3 38.1  -34 -33.3 41.6  -33 -33.8 41.3
 -33 -33.8 41.3  -34 -33.3 41.6  -34 -35.8 44.1  -33 -36.1 43.6
 -33 -36.1 43.6  -34 -35.8 44.1  -34 -39.3 45.1  -33 -39.3 44.6
 -30 -39.3 44.1  -33 -39.3 44.6  -33 -42.5 43.6  -30 -42.3 43.1
 -30 -42.3 43.1  -33 -42.5 43.6  -33 -44.8 41.3  -30 -44.3 41.1
 -30 -44.3 41.1  -33 -44.8 41.3  -33 -45.8 38.1  -30 -45.3 38.1
 -30 -45.3 38.1  -33 -45.8 38.1  -33 -44.8 34.9  -30 -44.3 35.1
 -30 -44.3 35.1  -33 -44.8 34.9  -33 -42.5 32.6  -30 -42.3 33.1
 -30 -42.3 33.1  -33 -42.5 32.6  -33 -39.3 31.6  -30 -39.3 32.1
 -30 -39.3 32.1  -33 -39.3 31.6  -33 -36.1 32.6  -30 -36.3 33.1
 -30 -36.3 33.1  -33 -36.1 32.6  -33 -33.8 34.9  -30 -34.3 35.1
 -30 -34.3 35.1  -33 -33.8 34.9  -33 -32.8 38.1  -30 -33.3 38.1
 -30 -33.3 38.1  -33 -32.8 38.1  -33 -33.8 41.3  -30 -34.3 41.1
 -30 -34.3 41.1  -33 -33.8 41.3  -33 -36.1 43.6  -30 -36.3 43.1
 -30 -36.3 43.1  -33 -36.1 43.6  -33 -39.3 44.6  -30 -39.3 44.1
 -27 -39.3 41.6  -30 -39.3 44.1  -30 -42.3 43.1  -27 -41.05 41.1
 -27 -41.05 41.1  -30 -42.3 43.1  -30 -44.3 41.1  -27 -42.3 39.85
 -27 -42.3 39.85  -30 -44.3 41.1  -30 -45.3 38.1  -27 -42.8 38.1
 -27 -42.8 38.1  -30 -45.3 38.1  -30 -44.3 35.1  -27 -42.3 36.35
 -27 -42.3 36.35  -30 -44.3 35.1  -30 -42.3 33.1  -27 -41.05 35.1
 -27 -41.05 35.1  -30 -42.3 33.1  -30 -39.3 32.1  -27 -39.3 34.6
 -27 -39.3 34.6  -30 -39.3 32.1  -30 -36.3 33.1  -27 -37.55 35.1
 -27 -37.55 35.1  -30 -36.3 33.1  -30 -34.3 35.1  -27 -36.3 36.35
 -27 -36.3 36.35  -30 -34.3 35.1  -30 -33.3 38.1  -27 -35.8 38.1
 -27 -35.8 38.1  -30 -33.3 38.1  -30 -34.3 41.1  -27 -36.3 39.85
 -27 -36.3 39.85  -30 -34.3 41.1  -30 -36.3 43.1  -27 -37.55 41.1
 -27 -37.55 41.1  -30 -36.3 43.1  -30 -39.3 44.1  -27 -39.3 41.6
 -26 -39.3 38.1  -27 -39.3 41.6  -27 -41.05 41.1
 -26 -39.3 38.1  -27 -41.05 41.1  -27 -42.3 39.85
 -26 -39.3 38.1  -27 -42.3 39.85  -27 -42.8 38.1
 -26 -39.3 38.1  -27 -42.8 38.1  -27 -42.3 36.35
 -26 -39.3 38.1  -27 -42.3 36.35  -27 -41.05 35.1
 -26 -39.3 38.1  -27 -41.05 35.1  -27 -39.3 34.6
 -26 -39.3 38.1  -27 -39.3 34.6  -27 -37.55 35.1
 -26 -39.3 38.1  -27 -37.55 35.1  -27 -36.3 36.35
 -26 -39.3 38.1  -27 -36.3 36.35  -27 -35.8 38.1
 -26 -39.3 38.1  -27 -35.8 38.1  -27 -36.3 39.85
 -26 -39.3 38.1  -27 -36.3 39.85  -27 -37.55 41.1
 -26 -39.3 38.1  -27 -37.55 41.1  -27 -39.3 41.6
 -34 -39.3 45.1  -145 -39.3 43.6  -145 -41.9 42.85  -34 -42.8 44.1
 -34 -42.8 44.1  -145 -41.9 42.85  -145 -44.05 40.7  -34 -45.3 41.6
 -34 -45.3 41.6  -145 -44.05 40.7  -145 -44.8 38.1  -34 -46.3 38.1
 -34 -46.3 38.1  -145 -44.8 38.1  -145 -44.05 35.5  -34 -45.3 34.6
 -34 -45.3 34.6  -145 -44.05 35.5  -145 -41.9 33.35  -34 -42.8 32.1
 -34 -42.8 32.1  -145 -41.9 33.35  -145 -39.3 32.6  -34 -39.3 31.1
 -34 -39.3 31.1  -145 -39.3 32.6  -145 -36.7 33.35  -34 -35.8 32.1
 -34 -35.8 32.1  -145 -36.7 33.35  -145 -34.55 35.5  -34 -33.3 34.6
 -34 -33.3 34.6  -145 -34.55 35.5  -145 -33.8 38.1  -34 -32.3 38.1
 -34 -32.3 38.1  -53 -32.7 38.1  -54 -33.45 38.1  -129 -34.35 38.1  -130 -33.6 38.1  -145 -33.8 38.1  -145 -34.55 40.7  -34 -33.3 41.6
 -34 -33.3 41.6  -145 -34.55 40.7  -145 -36.7 42.85  -34 -35.8 44.1
 -34 -35.8 44.1  -145 -36.7 42.85  -145 -39.3 43.6  -34 -39.3 45.1
 -145 -39.3 43.6  -153 -39.3 43.6  -153 -41.9 42.85  -145 -41.9 42.85
 -145 -41.9 42.85  -153 -41.9 42.85  -152 -44.05 40.7  -145 -44.05 40.7
 -145 -44.05 40.7  -152 -44.05 40.7  -149 -44.8 38.1  -145 -44.8 38.1
 -145 -44.8 38.1  -149 -44.8 38.1  -147.5 -44.05 35.5  -145 -44.05 35.5
 -145 -44.05 35.5  -147.5 -44.05 35.5  -147 -41.9 33.35  -145 -41.9 33.35
 -145 -41.9 33.35  -147 -41.9 33.35  -147 -39.3 32.6  -145 -39.3 32.6
 -145 -39.3 32.6  -147 -39.3 32.6  -147 -36.7 33.35  -145 -36.7 33.35
 -145 -36.7 33.35  -147 -36.7 33.35  -147.5 -34.55 35.5  -145 -34.55 35.5
 -145 -34.55 35.5  -147.5 -34.55 35.5  -149 -33.8 38.1  -145 -33.8 38.1
 -145 -33.8 38.1  -149 -33.8 38.1  -152 -34.55 40.7  -145 -34.55 40.7
 -145 -34.55 40.7  -152 -34.55 40.7  -153 -36.7 42.85  -145 -36.7 42.85
 -145 -36.7 42.85  -153 -36.7 42.85  -153 -39.3 43.6  -145 -39.3 43.6
 -153 -39.3 43.6  -153 -36.7 42.85  -152 -34.55 40.7  -149 -33.8 38.1 -147.5 -34.55 35.5  -147 -36.7 33.35  -147 -39.3 32.6  -147 -41.9 33.35  -147.5 -44.05 35.5  -149 -44.8 38.1  -152 -44.05 40.7  -153 -41.9 42.85
 -63 -7.7 4.8  -55 -7.7 4.8  -55 -35.3 31.8  -63 -35.3 31.8
 -55 -6 6.5  -63 -6 6.5  -63 -33.7 33.8  -55 -33.7 33.8
 -55 -35.3 31.8  -55 -7.7 4.8  -55 -6 6.5  -55 -33.7 33.8
 -63 -33.7 33.8  -63 -6 6.5  -63 -7.7 4.8  -63 -35.3 31.8
 -46 -45.3 34.6  -44 -45.8 33.6  -36 -45.8 33.6  -36 -45.3 34.6
 -46 -45.3 34.6  -46 -42.8 32.1  -44 -44.3 31.9  -44 -45.8 33.6
 -44 -45.8 33.6  -44 -44.3 31.9  -36 -44.3 31.9  -36 -45.8 33.6
 -44 -44.3 31.9  -46 -42.8 32.1  -36 -42.8 32.1  -36 -44.3 31.9
 -36 -45.3 34.6  -36 -45.8 33.6  -36 -44.3 31.9  -36 -42.8 32.1
 -46 -41.3 31.5  -44 -40.8 30.1  -36 -40.8 30.1  -36 -41.3 31.5
 -44 -37.8 30.1  -44 -40.8 30.1  -46 -41.3 31.5  -46 -39.3 31.1  -46 -37.3 31.5
 -44 -40.8 30.1  -44 -37.8 30.1  -36 -37.8 30.1  -36 -40.8 30.1
 -44 -37.8 30.1  -46 -37.3 31.5  -36 -37.3 31.5  -36 -37.8 30.1
 -36 -41.3 31.5  -36 -40.8 30.1  -36 -37.8 30.1  -36 -37.3 31.5  -36 -39.3 31.1
 -46 -35.8 32.1  -44 -34.3 31.9  -36 -34.3 31.9  -36 -35.8 32.1
 -46 -35.8 32.1  -46 -33.3 34.6  -44 -32.8 33.6  -44 -34.3 31.9
 -44 -34.3 31.9  -44 -32.8 33.6  -36 -32.8 33.6  -36 -34.3 31.9
 -44 -32.8 33.6  -46 -33.3 34.6  -36 -33.3 34.6  -36 -32.8 33.6
 -36 -35.8 32.1  -36 -34.3 31.9  -36 -32.8 33.6  -36 -33.3 34.6
 -117 -44.8 44.1  -117 -42.9 42.6  -120 -42.9 42.6  -120 -43.8 43.1  -121 -44.05 43.4  -138 -43.85 43.2  -139 -43.6 42.9  -139 -42.7 42.4  -142 -42.7 42.4 -142 -44.6 43.9  -141 -44.85 44.25  -118 -45.05 44.45
 -120 -44.5 42.3  -120 -43.8 41.6  -117 -43.8 41.6  -117 -45.6 43.4  -118 -45.8 43.6  -141 -45.6 43.4  -142 -45.4 43.2  -142 -43.6 41.4  -139 -43.6 41.4  -139 -44.3 42.1  -138 -44.6 42.4  -121 -44.8 42.6
 -117 -43.8 41.6  -117 -42.9 42.6  -117 -44.8 44.1  -117 -45.6 43.4
 -117 -45.6 43.4  -117 -44.8 44.1  -118 -45.05 44.45  -118 -45.8 43.6
 -118 -45.8 43.6  -118 -45.05 44.45  -141 -44.85 44.25  -141 -45.6 43.4
 -141 -45.6 43.4  -141 -44.85 44.25  -142 -44.6 43.9  -142 -45.4 43.2
 -142 -45.4 43.2  -142 -44.6 43.9  -142 -42.7 42.4  -142 -43.6 41.4
 -120 -44.5 42.3  -120 -43.8 43.1  -120 -42.9 42.6  -120 -43.8 41.6
 -121 -44.8 42.6  -121 -44.05 43.4  -120 -43.8 43.1  -120 -44.5 42.3
 -121 -44.8 42.6  -121 -44.05 43.4  -138 -43.85 43.2  -138 -44.6 42.4
 -138 -44.6 42.4  -138 -43.85 43.2  -139 -43.6 42.9  -139 -44.3 42.1
 -139 -44.3 42.1  -139 -43.6 42.9  -139 -42.7 42.4  -139 -43.6 41.4
 -117 -33 43.4  -117 -34.8 41.6  -120 -34.8 41.6  -120 -34.1 42.3  -121 -33.8 42.6  -138 -34 42.4  -139 -34.3 42.1  -139 -35 41.4  -142 -35 41.4  -142 -33.2 43.2  -141 -33 43.4  -118 -32.8 43.6
 -120 -35.7 42.6  -117 -35.7 42.6  -117 -33.8 44.1  -118 -33.55 44.45 -141 -33.75 44.25  -142 -34 43.9  -142 -35.9 42.4  -139 -35.9 42.4  -139 -35 42.9  -138 -34.75 43.2  -121 -34.55 43.4  -120 -34.8 43.1
 -117 -35.7 42.6  -117 -34.8 41.6  -117 -33 43.4  -117 -33.8 44.1
 -117 -33.8 44.1  -117 -33 43.4  -118 -32.8 43.6  -118 -33.55 44.45
 -118 -33.55 44.45  -118 -32.8 43.6  -141 -33 43.4  -141 -33.75 44.25
 -141 -33.75 44.25  -141 -33 43.4  -142 -33.2 43.2  -142 -34 43.9
 -142 -34 43.9  -142 -33.2 43.2  -142 -35 41.4  -142 -35.9 42.4
 -139 -35.9 42.4  -139 -35 41.4  -139 -34.3 42.1  -139 -35 42.9
 -139 -35 42.9  -139 -34.3 42.1  -138 -34 42.4  -138 -34.75 43.2
 -138 -34.75 43.2  -138 -34 42.4  -121 -33.8 42.6  -121 -34.55 43.4
 -121 -34.55 43.4  -121 -33.8 42.6  -120 -34.1 42.3  -120 -34.8 43.1
 -120 -34.8 43.1  -120 -34.1 42.3  -120 -34.8 41.6  -120 -35.7 42.6
 -142 -44.5 40.1  -142 -45.8 39.1  -133 -45.8 39.1  -133 -44.5 40.1
 -142 -45.8 39.1  -142 -45.8 36.1  -133 -45.8 36.1  -133 -45.8 39.1
 -142 -45.8 36.1  -142 -44.5 36.1  -133 -44.5 36.1  -133 -45.8 36.1
 -133 -44.5 40.1  -133 -45.8 39.1  -133 -45.8 36.1  -133 -44.5 36.1  -133 -44.9 38.1
 -142 -44.9 38.1  -142 -44.5 36.1  -142 -45.8 36.1  -142 -45.8 39.1  -142 -44.5 40.1
 -133 -34.1 40.1  -133 -32.8 40.1  -142 -32.8 40.1  -142 -34.1 40.1
 -133 -32.8 40.1  -133 -32.8 37.1  -142 -32.8 37.1  -142 -32.8 40.1
 -133 -32.8 37.1  -133 -34.1 36.1  -142 -34.1 36.1  -142 -32.8 37.1
 -133 -32.8 37.1  -133 -32.8 40.1  -133 -34.1 40.1  -133 -33.7 38.1  -133 -34.1 36.1
 -142 -34.1 40.1  -142 -32.8 40.1  -142 -32.8 37.1  -142 -34.1 36.1  -142 -33.7 38.1
 -127 -34.7 39.6  -128 -33.95 40.1  -55 -32.95 40.1  -56 -33.7 39.6
 -128 -33.95 40.1  -127 -34.7 39.6  -128.5 -34.55 39.1  -129 -34.35 38.1 -130 -33.6 38.1  -129.5 -33.8 39.6
 -127 -34.7 36.6  -128 -33.95 36.1  -129.5 -33.8 36.6  -130 -33.6 38.1 -129 -34.35 38.1  -128.5 -34.55 37.1
 -128 -33.95 36.1  -127 -34.7 36.6  -56 -33.7 36.6  -55 -32.95 36.1
 -56 -33.7 39.6  -55 -32.95 40.1  -53.5 -32.8 39.6  -53 -32.7 38.1  -54 -33.45 38.1  -54.5 -33.55 39.1
 -54 -33.45 38.1  -53 -32.7 38.1  -53.5 -32.8 36.6  -55 -32.95 36.1  -56 -33.7 36.6  -54.5 -33.55 37.1
 -127 -34.7 39.6  -56 -33.7 39.6  -54.5 -33.55 39.1  -54 -33.45 38.1 -54.5 -33.55 37.1  -56 -33.7 36.6  -127 -34.7 36.6  -128.5 -34.55 37.1  -129 -34.35 38.1  -128.5 -34.55 39.1