-5.000000 4.375000 -0.500000 -5.000000 4.375000 0.500000 -5.000000 5.000000 0.500000 
-5.000000 5.000000 0.500000 -5.000000 5.000000 -0.500000 -5.000000 4.375000 -0.500000 
4.375000 5.000000 -0.500000 4.375000 5.000000 0.500000 5.000000 5.000000 0.500000 
5.000000 5.000000 0.500000 5.000000 5.000000 -0.500000 4.375000 5.000000 -0.500000 
5.000000 -4.375000 -0.500000 5.000000 -4.375000 0.500000 5.000000 -5.000000 0.500000 
5.000000 -5.000000 0.500000 5.000000 -5.000000 -0.500000 5.000000 -4.375000 -0.500000 
-5.000000 -5.000000 0.500000 -5.000000 -5.000000 -0.500000 -4.375000 -5.000000 -0.500000 
-4.375000 -5.000000 -0.500000 -4.375000 -5.000000 0.500000 -5.000000 -5.000000 0.500000 
4.375000 -4.375000 -0.500000 5.000000 -4.375000 -0.500000 5.000000 -5.000000 -0.500000 
5.000000 -5.000000 -0.500000 4.375000 -5.000000 -0.500000 4.375000 -4.375000 -0.500000 
-4.375000 -4.375000 0.500000 -5.000000 -4.375000 0.500000 -5.000000 -5.000000 0.500000 
-5.000000 -5.000000 0.500000 -4.375000 -5.000000 0.500000 -4.375000 -4.375000 0.500000 
5.000000 -4.375000 0.500000 4.375000 -4.375000 0.500000 4.375000 -5.000000 0.500000 
4.375000 -5.000000 0.500000 5.000000 -5.000000 0.500000 5.000000 -4.375000 0.500000 
4.375000 -4.375000 0.500000 3.750000 -4.375000 0.500000 3.750000 -5.000000 0.500000 
3.750000 -5.000000 0.500000 4.375000 -5.000000 0.500000 4.375000 -4.375000 0.500000 
3.750000 -4.375000 0.500000 3.125000 -4.375000 0.500000 3.125000 -5.000000 0.500000 
3.125000 -5.000000 0.500000 3.750000 -5.000000 0.500000 3.750000 -4.375000 0.500000 
3.125000 -4.375000 0.500000 2.500000 -4.375000 0.500000 2.500000 -5.000000 0.500000 
2.500000 -5.000000 0.500000 3.125000 -5.000000 0.500000 3.125000 -4.375000 0.500000 
2.500000 -4.375000 0.500000 1.875000 -4.375000 0.500000 1.875000 -5.000000 0.500000 
1.875000 -5.000000 0.500000 2.500000 -5.000000 0.500000 2.500000 -4.375000 0.500000 
1.875000 -4.375000 0.500000 1.250000 -4.375000 0.500000 1.250000 -5.000000 0.500000 
1.250000 -5.000000 0.500000 1.875000 -5.000000 0.500000 1.875000 -4.375000 0.500000 
1.250000 -4.375000 0.500000 0.625000 -4.375000 0.500000 0.625000 -5.000000 0.500000 
0.625000 -5.000000 0.500000 1.250000 -5.000000 0.500000 1.250000 -4.375000 0.500000 
0.625000 -4.375000 0.500000 0.000000 -4.375000 0.500000 0.000000 -5.000000 0.500000 
0.000000 -5.000000 0.500000 0.625000 -5.000000 0.500000 0.625000 -4.375000 0.500000 
0.000000 -4.375000 0.500000 -0.625000 -4.375000 0.500000 -0.625000 -5.000000 0.500000 
-0.625000 -5.000000 0.500000 0.000000 -5.000000 0.500000 0.000000 -4.375000 0.500000 
-0.625000 -4.375000 0.500000 -1.250000 -4.375000 0.500000 -1.250000 -5.000000 0.500000 
-1.250000 -5.000000 0.500000 -0.625000 -5.000000 0.500000 -0.625000 -4.375000 0.500000 
-1.250000 -4.375000 0.500000 -1.875000 -4.375000 0.500000 -1.875000 -5.000000 0.500000 
-1.875000 -5.000000 0.500000 -1.250000 -5.000000 0.500000 -1.250000 -4.375000 0.500000 
-1.875000 -4.375000 0.500000 -2.500000 -4.375000 0.500000 -2.500000 -5.000000 0.500000 
-2.500000 -5.000000 0.500000 -1.875000 -5.000000 0.500000 -1.875000 -4.375000 0.500000 
-2.500000 -4.375000 0.500000 -3.125000 -4.375000 0.500000 -3.125000 -5.000000 0.500000 
-3.125000 -5.000000 0.500000 -2.500000 -5.000000 0.500000 -2.500000 -4.375000 0.500000 
-3.125000 -4.375000 0.500000 -3.750000 -4.375000 0.500000 -3.750000 -5.000000 0.500000 
-3.750000 -5.000000 0.500000 -3.125000 -5.000000 0.500000 -3.125000 -4.375000 0.500000 
-3.750000 -4.375000 0.500000 -4.375000 -4.375000 0.500000 -4.375000 -5.000000 0.500000 
-4.375000 -5.000000 0.500000 -3.750000 -5.000000 0.500000 -3.750000 -4.375000 0.500000 
-4.375000 -5.000000 -0.500000 -5.000000 -5.000000 -0.500000 -5.000000 -4.375000 -0.500000 
-5.000000 -4.375000 -0.500000 -4.375000 -4.375000 -0.500000 -4.375000 -5.000000 -0.500000 
-4.375000 -4.375000 -0.500000 -3.750000 -4.375000 -0.500000 -3.750000 -5.000000 -0.500000 
-3.750000 -5.000000 -0.500000 -4.375000 -5.000000 -0.500000 -4.375000 -4.375000 -0.500000 
-3.750000 -4.375000 -0.500000 -3.125000 -4.375000 -0.500000 -3.125000 -5.000000 -0.500000 
-3.125000 -5.000000 -0.500000 -3.750000 -5.000000 -0.500000 -3.750000 -4.375000 -0.500000 
-3.125000 -4.375000 -0.500000 -2.500000 -4.375000 -0.500000 -2.500000 -5.000000 -0.500000 
-2.500000 -5.000000 -0.500000 -3.125000 -5.000000 -0.500000 -3.125000 -4.375000 -0.500000 
-2.500000 -4.375000 -0.500000 -1.875000 -4.375000 -0.500000 -1.875000 -5.000000 -0.500000 
-1.875000 -5.000000 -0.500000 -2.500000 -5.000000 -0.500000 -2.500000 -4.375000 -0.500000 
-1.875000 -4.375000 -0.500000 -1.250000 -4.375000 -0.500000 -1.250000 -5.000000 -0.500000 
-1.250000 -5.000000 -0.500000 -1.875000 -5.000000 -0.500000 -1.875000 -4.375000 -0.500000 
-1.250000 -4.375000 -0.500000 -0.625000 -4.375000 -0.500000 -0.625000 -5.000000 -0.500000 
-0.625000 -5.000000 -0.500000 -1.250000 -5.000000 -0.500000 -1.250000 -4.375000 -0.500000 
-0.625000 -4.375000 -0.500000 0.000000 -4.375000 -0.500000 0.000000 -5.000000 -0.500000 
0.000000 -5.000000 -0.500000 -0.625000 -5.000000 -0.500000 -0.625000 -4.375000 -0.500000 
0.000000 -4.375000 -0.500000 0.625000 -4.375000 -0.500000 0.625000 -5.000000 -0.500000 
0.625000 -5.000000 -0.500000 0.000000 -5.000000 -0.500000 0.000000 -4.375000 -0.500000 
0.625000 -4.375000 -0.500000 1.250000 -4.375000 -0.500000 1.250000 -5.000000 -0.500000 
1.250000 -5.000000 -0.500000 0.625000 -5.000000 -0.500000 0.625000 -4.375000 -0.500000 
1.250000 -4.375000 -0.500000 1.875000 -4.375000 -0.500000 1.875000 -5.000000 -0.500000 
1.875000 -5.000000 -0.500000 1.250000 -5.000000 -0.500000 1.250000 -4.375000 -0.500000 
1.875000 -4.375000 -0.500000 2.500000 -4.375000 -0.500000 2.500000 -5.000000 -0.500000 
2.500000 -5.000000 -0.500000 1.875000 -5.000000 -0.500000 1.875000 -4.375000 -0.500000 
2.500000 -4.375000 -0.500000 3.125000 -4.375000 -0.500000 3.125000 -5.000000 -0.500000 
3.125000 -5.000000 -0.500000 2.500000 -5.000000 -0.500000 2.500000 -4.375000 -0.500000 
3.125000 -4.375000 -0.500000 3.750000 -4.375000 -0.500000 3.750000 -5.000000 -0.500000 
3.750000 -5.000000 -0.500000 3.125000 -5.000000 -0.500000 3.125000 -4.375000 -0.500000 
3.750000 -4.375000 -0.500000 4.375000 -4.375000 -0.500000 4.375000 -5.000000 -0.500000 
4.375000 -5.000000 -0.500000 3.750000 -5.000000 -0.500000 3.750000 -4.375000 -0.500000 
5.000000 -5.000000 -0.500000 5.000000 -5.000000 0.500000 4.375000 -5.000000 0.500000 
4.375000 -5.000000 0.500000 4.375000 -5.000000 -0.500000 5.000000 -5.000000 -0.500000 
4.375000 -5.000000 -0.500000 4.375000 -5.000000 0.500000 3.750000 -5.000000 0.500000 
3.750000 -5.000000 0.500000 3.750000 -5.000000 -0.500000 4.375000 -5.000000 -0.500000 
3.750000 -5.000000 -0.500000 3.750000 -5.000000 0.500000 3.125000 -5.000000 0.500000 
3.125000 -5.000000 0.500000 3.125000 -5.000000 -0.500000 3.750000 -5.000000 -0.500000 
3.125000 -5.000000 -0.500000 3.125000 -5.000000 0.500000 2.500000 -5.000000 0.500000 
2.500000 -5.000000 0.500000 2.500000 -5.000000 -0.500000 3.125000 -5.000000 -0.500000 
2.500000 -5.000000 -0.500000 2.500000 -5.000000 0.500000 1.875000 -5.000000 0.500000 
1.875000 -5.000000 0.500000 1.875000 -5.000000 -0.500000 2.500000 -5.000000 -0.500000 
1.875000 -5.000000 -0.500000 1.875000 -5.000000 0.500000 1.250000 -5.000000 0.500000 
1.250000 -5.000000 0.500000 1.250000 -5.000000 -0.500000 1.875000 -5.000000 -0.500000 
1.250000 -5.000000 -0.500000 1.250000 -5.000000 0.500000 0.625000 -5.000000 0.500000 
0.625000 -5.000000 0.500000 0.625000 -5.000000 -0.500000 1.250000 -5.000000 -0.500000 
0.625000 -5.000000 -0.500000 0.625000 -5.000000 0.500000 0.000000 -5.000000 0.500000 
0.000000 -5.000000 0.500000 0.000000 -5.000000 -0.500000 0.625000 -5.000000 -0.500000 
0.000000 -5.000000 -0.500000 0.000000 -5.000000 0.500000 -0.625000 -5.000000 0.500000 
-0.625000 -5.000000 0.500000 -0.625000 -5.000000 -0.500000 0.000000 -5.000000 -0.500000 
-0.625000 -5.000000 -0.500000 -0.625000 -5.000000 0.500000 -1.250000 -5.000000 0.500000 
-1.250000 -5.000000 0.500000 -1.250000 -5.000000 -0.500000 -0.625000 -5.000000 -0.500000 
-1.250000 -5.000000 -0.500000 -1.250000 -5.000000 0.500000 -1.875000 -5.000000 0.500000 
-1.875000 -5.000000 0.500000 -1.875000 -5.000000 -0.500000 -1.250000 -5.000000 -0.500000 
-1.875000 -5.000000 -0.500000 -1.875000 -5.000000 0.500000 -2.500000 -5.000000 0.500000 
-2.500000 -5.000000 0.500000 -2.500000 -5.000000 -0.500000 -1.875000 -5.000000 -0.500000 
-2.500000 -5.000000 -0.500000 -2.500000 -5.000000 0.500000 -3.125000 -5.000000 0.500000 
-3.125000 -5.000000 0.500000 -3.125000 -5.000000 -0.500000 -2.500000 -5.000000 -0.500000 
-3.125000 -5.000000 -0.500000 -3.125000 -5.000000 0.500000 -3.750000 -5.000000 0.500000 
-3.750000 -5.000000 0.500000 -3.750000 -5.000000 -0.500000 -3.125000 -5.000000 -0.500000 
-3.750000 -5.000000 -0.500000 -3.750000 -5.000000 0.500000 -4.375000 -5.000000 0.500000 
-4.375000 -5.000000 0.500000 -4.375000 -5.000000 -0.500000 -3.750000 -5.000000 -0.500000 
-5.000000 5.000000 -0.500000 -5.000000 5.000000 0.500000 -4.375000 5.000000 0.500000 
-4.375000 5.000000 0.500000 -4.375000 5.000000 -0.500000 -5.000000 5.000000 -0.500000 
-4.375000 5.000000 -0.500000 -4.375000 5.000000 0.500000 -3.750000 5.000000 0.500000 
-3.750000 5.000000 0.500000 -3.750000 5.000000 -0.500000 -4.375000 5.000000 -0.500000 
-3.750000 5.000000 -0.500000 -3.750000 5.000000 0.500000 -3.125000 5.000000 0.500000 
-3.125000 5.000000 0.500000 -3.125000 5.000000 -0.500000 -3.750000 5.000000 -0.500000 
-3.125000 5.000000 -0.500000 -3.125000 5.000000 0.500000 -2.500000 5.000000 0.500000 
-2.500000 5.000000 0.500000 -2.500000 5.000000 -0.500000 -3.125000 5.000000 -0.500000 
-2.500000 5.000000 -0.500000 -2.500000 5.000000 0.500000 -1.875000 5.000000 0.500000 
-1.875000 5.000000 0.500000 -1.875000 5.000000 -0.500000 -2.500000 5.000000 -0.500000 
-1.875000 5.000000 -0.500000 -1.875000 5.000000 0.500000 -1.250000 5.000000 0.500000 
-1.250000 5.000000 0.500000 -1.250000 5.000000 -0.500000 -1.875000 5.000000 -0.500000 
-1.250000 5.000000 -0.500000 -1.250000 5.000000 0.500000 -0.625000 5.000000 0.500000 
-0.625000 5.000000 0.500000 -0.625000 5.000000 -0.500000 -1.250000 5.000000 -0.500000 
-0.625000 5.000000 -0.500000 -0.625000 5.000000 0.500000 0.000000 5.000000 0.500000 
0.000000 5.000000 0.500000 0.000000 5.000000 -0.500000 -0.625000 5.000000 -0.500000 
0.000000 5.000000 -0.500000 0.000000 5.000000 0.500000 0.625000 5.000000 0.500000 
0.625000 5.000000 0.500000 0.625000 5.000000 -0.500000 0.000000 5.000000 -0.500000 
0.625000 5.000000 -0.500000 0.625000 5.000000 0.500000 1.250000 5.000000 0.500000 
1.250000 5.000000 0.500000 1.250000 5.000000 -0.500000 0.625000 5.000000 -0.500000 
1.250000 5.000000 -0.500000 1.250000 5.000000 0.500000 1.875000 5.000000 0.500000 
1.875000 5.000000 0.500000 1.875000 5.000000 -0.500000 1.250000 5.000000 -0.500000 
1.875000 5.000000 -0.500000 1.875000 5.000000 0.500000 2.500000 5.000000 0.500000 
2.500000 5.000000 0.500000 2.500000 5.000000 -0.500000 1.875000 5.000000 -0.500000 
2.500000 5.000000 -0.500000 2.500000 5.000000 0.500000 3.125000 5.000000 0.500000 
3.125000 5.000000 0.500000 3.125000 5.000000 -0.500000 2.500000 5.000000 -0.500000 
3.125000 5.000000 -0.500000 3.125000 5.000000 0.500000 3.750000 5.000000 0.500000 
3.750000 5.000000 0.500000 3.750000 5.000000 -0.500000 3.125000 5.000000 -0.500000 
3.750000 5.000000 -0.500000 3.750000 5.000000 0.500000 4.375000 5.000000 0.500000 
4.375000 5.000000 0.500000 4.375000 5.000000 -0.500000 3.750000 5.000000 -0.500000 
3.750000 5.000000 -0.500000 4.375000 5.000000 -0.500000 4.375000 4.375000 -0.500000 
4.375000 4.375000 -0.500000 3.750000 4.375000 -0.500000 3.750000 5.000000 -0.500000 
3.750000 4.375000 -0.500000 4.375000 4.375000 -0.500000 4.375000 3.750000 -0.500000 
4.375000 3.750000 -0.500000 3.750000 3.750000 -0.500000 3.750000 4.375000 -0.500000 
3.750000 3.750000 -0.500000 4.375000 3.750000 -0.500000 4.375000 3.125000 -0.500000 
4.375000 3.125000 -0.500000 3.750000 3.125000 -0.500000 3.750000 3.750000 -0.500000 
3.750000 3.125000 -0.500000 4.375000 3.125000 -0.500000 4.375000 2.500000 -0.500000 
4.375000 2.500000 -0.500000 3.750000 2.500000 -0.500000 3.750000 3.125000 -0.500000 
3.750000 2.500000 -0.500000 4.375000 2.500000 -0.500000 4.375000 1.875000 -0.500000 
4.375000 1.875000 -0.500000 3.750000 1.875000 -0.500000 3.750000 2.500000 -0.500000 
3.750000 1.875000 -0.500000 4.375000 1.875000 -0.500000 4.375000 1.250000 -0.500000 
4.375000 1.250000 -0.500000 3.750000 1.250000 -0.500000 3.750000 1.875000 -0.500000 
3.750000 1.250000 -0.500000 4.375000 1.250000 -0.500000 4.375000 0.625000 -0.500000 
4.375000 0.625000 -0.500000 3.750000 0.625000 -0.500000 3.750000 1.250000 -0.500000 
3.750000 0.625000 -0.500000 4.375000 0.625000 -0.500000 4.375000 0.000000 -0.500000 
4.375000 0.000000 -0.500000 3.750000 0.000000 -0.500000 3.750000 0.625000 -0.500000 
3.750000 0.000000 -0.500000 4.375000 0.000000 -0.500000 4.375000 -0.625000 -0.500000 
4.375000 -0.625000 -0.500000 3.750000 -0.625000 -0.500000 3.750000 0.000000 -0.500000 
3.750000 -0.625000 -0.500000 4.375000 -0.625000 -0.500000 4.375000 -1.250000 -0.500000 
4.375000 -1.250000 -0.500000 3.750000 -1.250000 -0.500000 3.750000 -0.625000 -0.500000 
3.750000 -1.250000 -0.500000 4.375000 -1.250000 -0.500000 4.375000 -1.875000 -0.500000 
4.375000 -1.875000 -0.500000 3.750000 -1.875000 -0.500000 3.750000 -1.250000 -0.500000 
3.750000 -1.875000 -0.500000 4.375000 -1.875000 -0.500000 4.375000 -2.500000 -0.500000 
4.375000 -2.500000 -0.500000 3.750000 -2.500000 -0.500000 3.750000 -1.875000 -0.500000 
3.750000 -2.500000 -0.500000 4.375000 -2.500000 -0.500000 4.375000 -3.125000 -0.500000 
4.375000 -3.125000 -0.500000 3.750000 -3.125000 -0.500000 3.750000 -2.500000 -0.500000 
3.750000 -3.125000 -0.500000 4.375000 -3.125000 -0.500000 4.375000 -3.750000 -0.500000 
4.375000 -3.750000 -0.500000 3.750000 -3.750000 -0.500000 3.750000 -3.125000 -0.500000 
3.750000 -3.750000 -0.500000 4.375000 -3.750000 -0.500000 4.375000 -4.375000 -0.500000 
4.375000 -4.375000 -0.500000 3.750000 -4.375000 -0.500000 3.750000 -3.750000 -0.500000 
3.125000 5.000000 -0.500000 3.750000 5.000000 -0.500000 3.750000 4.375000 -0.500000 
3.750000 4.375000 -0.500000 3.125000 4.375000 -0.500000 3.125000 5.000000 -0.500000 
3.125000 4.375000 -0.500000 3.750000 4.375000 -0.500000 3.750000 3.750000 -0.500000 
3.750000 3.750000 -0.500000 3.125000 3.750000 -0.500000 3.125000 4.375000 -0.500000 
3.125000 3.750000 -0.500000 3.750000 3.750000 -0.500000 3.750000 3.125000 -0.500000 
3.750000 3.125000 -0.500000 3.125000 3.125000 -0.500000 3.125000 3.750000 -0.500000 
3.125000 3.125000 -0.500000 3.750000 3.125000 -0.500000 3.750000 2.500000 -0.500000 
3.750000 2.500000 -0.500000 3.125000 2.500000 -0.500000 3.125000 3.125000 -0.500000 
3.125000 2.500000 -0.500000 3.750000 2.500000 -0.500000 3.750000 1.875000 -0.500000 
3.750000 1.875000 -0.500000 3.125000 1.875000 -0.500000 3.125000 2.500000 -0.500000 
3.125000 1.875000 -0.500000 3.750000 1.875000 -0.500000 3.750000 1.250000 -0.500000 
3.750000 1.250000 -0.500000 3.125000 1.250000 -0.500000 3.125000 1.875000 -0.500000 
3.125000 1.250000 -0.500000 3.750000 1.250000 -0.500000 3.750000 0.625000 -0.500000 
3.750000 0.625000 -0.500000 3.125000 0.625000 -0.500000 3.125000 1.250000 -0.500000 
3.125000 0.625000 -0.500000 3.750000 0.625000 -0.500000 3.750000 0.000000 -0.500000 
3.750000 0.000000 -0.500000 3.125000 0.000000 -0.500000 3.125000 0.625000 -0.500000 
3.125000 0.000000 -0.500000 3.750000 0.000000 -0.500000 3.750000 -0.625000 -0.500000 
3.750000 -0.625000 -0.500000 3.125000 -0.625000 -0.500000 3.125000 0.000000 -0.500000 
3.125000 -0.625000 -0.500000 3.750000 -0.625000 -0.500000 3.750000 -1.250000 -0.500000 
3.750000 -1.250000 -0.500000 3.125000 -1.250000 -0.500000 3.125000 -0.625000 -0.500000 
3.125000 -1.250000 -0.500000 3.750000 -1.250000 -0.500000 3.750000 -1.875000 -0.500000 
3.750000 -1.875000 -0.500000 3.125000 -1.875000 -0.500000 3.125000 -1.250000 -0.500000 
3.125000 -1.875000 -0.500000 3.750000 -1.875000 -0.500000 3.750000 -2.500000 -0.500000 
3.750000 -2.500000 -0.500000 3.125000 -2.500000 -0.500000 3.125000 -1.875000 -0.500000 
3.125000 -2.500000 -0.500000 3.750000 -2.500000 -0.500000 3.750000 -3.125000 -0.500000 
3.750000 -3.125000 -0.500000 3.125000 -3.125000 -0.500000 3.125000 -2.500000 -0.500000 
3.125000 -3.125000 -0.500000 3.750000 -3.125000 -0.500000 3.750000 -3.750000 -0.500000 
3.750000 -3.750000 -0.500000 3.125000 -3.750000 -0.500000 3.125000 -3.125000 -0.500000 
3.125000 -3.750000 -0.500000 3.750000 -3.750000 -0.500000 3.750000 -4.375000 -0.500000 
3.750000 -4.375000 -0.500000 3.125000 -4.375000 -0.500000 3.125000 -3.750000 -0.500000 
2.500000 5.000000 -0.500000 3.125000 5.000000 -0.500000 3.125000 4.375000 -0.500000 
3.125000 4.375000 -0.500000 2.500000 4.375000 -0.500000 2.500000 5.000000 -0.500000 
2.500000 4.375000 -0.500000 3.125000 4.375000 -0.500000 3.125000 3.750000 -0.500000 
3.125000 3.750000 -0.500000 2.500000 3.750000 -0.500000 2.500000 4.375000 -0.500000 
2.500000 3.750000 -0.500000 3.125000 3.750000 -0.500000 3.125000 3.125000 -0.500000 
3.125000 3.125000 -0.500000 2.500000 3.125000 -0.500000 2.500000 3.750000 -0.500000 
2.500000 3.125000 -0.500000 3.125000 3.125000 -0.500000 3.125000 2.500000 -0.500000 
3.125000 2.500000 -0.500000 2.500000 2.500000 -0.500000 2.500000 3.125000 -0.500000 
2.500000 2.500000 -0.500000 3.125000 2.500000 -0.500000 3.125000 1.875000 -0.500000 
3.125000 1.875000 -0.500000 2.500000 1.875000 -0.500000 2.500000 2.500000 -0.500000 
2.500000 1.875000 -0.500000 3.125000 1.875000 -0.500000 3.125000 1.250000 -0.500000 
3.125000 1.250000 -0.500000 2.500000 1.250000 -0.500000 2.500000 1.875000 -0.500000 
2.500000 1.250000 -0.500000 3.125000 1.250000 -0.500000 3.125000 0.625000 -0.500000 
3.125000 0.625000 -0.500000 2.500000 0.625000 -0.500000 2.500000 1.250000 -0.500000 
2.500000 0.625000 -0.500000 3.125000 0.625000 -0.500000 3.125000 0.000000 -0.500000 
3.125000 0.000000 -0.500000 2.500000 0.000000 -0.500000 2.500000 0.625000 -0.500000 
2.500000 0.000000 -0.500000 3.125000 0.000000 -0.500000 3.125000 -0.625000 -0.500000 
3.125000 -0.625000 -0.500000 2.500000 -0.625000 -0.500000 2.500000 0.000000 -0.500000 
2.500000 -0.625000 -0.500000 3.125000 -0.625000 -0.500000 3.125000 -1.250000 -0.500000 
3.125000 -1.250000 -0.500000 2.500000 -1.250000 -0.500000 2.500000 -0.625000 -0.500000 
2.500000 -1.250000 -0.500000 3.125000 -1.250000 -0.500000 3.125000 -1.875000 -0.500000 
3.125000 -1.875000 -0.500000 2.500000 -1.875000 -0.500000 2.500000 -1.250000 -0.500000 
2.500000 -1.875000 -0.500000 3.125000 -1.875000 -0.500000 3.125000 -2.500000 -0.500000 
3.125000 -2.500000 -0.500000 2.500000 -2.500000 -0.500000 2.500000 -1.875000 -0.500000 
2.500000 -2.500000 -0.500000 3.125000 -2.500000 -0.500000 3.125000 -3.125000 -0.500000 
3.125000 -3.125000 -0.500000 2.500000 -3.125000 -0.500000 2.500000 -2.500000 -0.500000 
2.500000 -3.125000 -0.500000 3.125000 -3.125000 -0.500000 3.125000 -3.750000 -0.500000 
3.125000 -3.750000 -0.500000 2.500000 -3.750000 -0.500000 2.500000 -3.125000 -0.500000 
2.500000 -3.750000 -0.500000 3.125000 -3.750000 -0.500000 3.125000 -4.375000 -0.500000 
3.125000 -4.375000 -0.500000 2.500000 -4.375000 -0.500000 2.500000 -3.750000 -0.500000 
1.875000 5.000000 -0.500000 2.500000 5.000000 -0.500000 2.500000 4.375000 -0.500000 
2.500000 4.375000 -0.500000 1.875000 4.375000 -0.500000 1.875000 5.000000 -0.500000 
1.875000 4.375000 -0.500000 2.500000 4.375000 -0.500000 2.500000 3.750000 -0.500000 
2.500000 3.750000 -0.500000 1.875000 3.750000 -0.500000 1.875000 4.375000 -0.500000 
1.875000 3.750000 -0.500000 2.500000 3.750000 -0.500000 2.500000 3.125000 -0.500000 
2.500000 3.125000 -0.500000 1.875000 3.125000 -0.500000 1.875000 3.750000 -0.500000 
1.875000 3.125000 -0.500000 2.500000 3.125000 -0.500000 2.500000 2.500000 -0.500000 
2.500000 2.500000 -0.500000 1.875000 2.500000 -0.500000 1.875000 3.125000 -0.500000 
1.875000 2.500000 -0.500000 2.500000 2.500000 -0.500000 2.500000 1.875000 -0.500000 
2.500000 1.875000 -0.500000 1.875000 1.875000 -0.500000 1.875000 2.500000 -0.500000 
1.875000 1.875000 -0.500000 2.500000 1.875000 -0.500000 2.500000 1.250000 -0.500000 
2.500000 1.250000 -0.500000 1.875000 1.250000 -0.500000 1.875000 1.875000 -0.500000 
1.875000 1.250000 -0.500000 2.500000 1.250000 -0.500000 2.500000 0.625000 -0.500000 
2.500000 0.625000 -0.500000 1.875000 0.625000 -0.500000 1.875000 1.250000 -0.500000 
1.875000 0.625000 -0.500000 2.500000 0.625000 -0.500000 2.500000 0.000000 -0.500000 
2.500000 0.000000 -0.500000 1.875000 0.000000 -0.500000 1.875000 0.625000 -0.500000 
1.875000 0.000000 -0.500000 2.500000 0.000000 -0.500000 2.500000 -0.625000 -0.500000 
2.500000 -0.625000 -0.500000 1.875000 -0.625000 -0.500000 1.875000 0.000000 -0.500000 
1.875000 -0.625000 -0.500000 2.500000 -0.625000 -0.500000 2.500000 -1.250000 -0.500000 
2.500000 -1.250000 -0.500000 1.875000 -1.250000 -0.500000 1.875000 -0.625000 -0.500000 
1.875000 -1.250000 -0.500000 2.500000 -1.250000 -0.500000 2.500000 -1.875000 -0.500000 
2.500000 -1.875000 -0.500000 1.875000 -1.875000 -0.500000 1.875000 -1.250000 -0.500000 
1.875000 -1.875000 -0.500000 2.500000 -1.875000 -0.500000 2.500000 -2.500000 -0.500000 
2.500000 -2.500000 -0.500000 1.875000 -2.500000 -0.500000 1.875000 -1.875000 -0.500000 
1.875000 -2.500000 -0.500000 2.500000 -2.500000 -0.500000 2.500000 -3.125000 -0.500000 
2.500000 -3.125000 -0.500000 1.875000 -3.125000 -0.500000 1.875000 -2.500000 -0.500000 
1.875000 -3.125000 -0.500000 2.500000 -3.125000 -0.500000 2.500000 -3.750000 -0.500000 
2.500000 -3.750000 -0.500000 1.875000 -3.750000 -0.500000 1.875000 -3.125000 -0.500000 
1.875000 -3.750000 -0.500000 2.500000 -3.750000 -0.500000 2.500000 -4.375000 -0.500000 
2.500000 -4.375000 -0.500000 1.875000 -4.375000 -0.500000 1.875000 -3.750000 -0.500000 
1.250000 5.000000 -0.500000 1.875000 5.000000 -0.500000 1.875000 4.375000 -0.500000 
1.875000 4.375000 -0.500000 1.250000 4.375000 -0.500000 1.250000 5.000000 -0.500000 
1.250000 4.375000 -0.500000 1.875000 4.375000 -0.500000 1.875000 3.750000 -0.500000 
1.875000 3.750000 -0.500000 1.250000 3.750000 -0.500000 1.250000 4.375000 -0.500000 
1.250000 3.750000 -0.500000 1.875000 3.750000 -0.500000 1.875000 3.125000 -0.500000 
1.875000 3.125000 -0.500000 1.250000 3.125000 -0.500000 1.250000 3.750000 -0.500000 
1.250000 3.125000 -0.500000 1.875000 3.125000 -0.500000 1.875000 2.500000 -0.500000 
1.875000 2.500000 -0.500000 1.250000 2.500000 -0.500000 1.250000 3.125000 -0.500000 
1.250000 2.500000 -0.500000 1.875000 2.500000 -0.500000 1.875000 1.875000 -0.500000 
1.875000 1.875000 -0.500000 1.250000 1.875000 -0.500000 1.250000 2.500000 -0.500000 
1.250000 1.875000 -0.500000 1.875000 1.875000 -0.500000 1.875000 1.250000 -0.500000 
1.875000 1.250000 -0.500000 1.250000 1.250000 -0.500000 1.250000 1.875000 -0.500000 
1.250000 1.250000 -0.500000 1.875000 1.250000 -0.500000 1.875000 0.625000 -0.500000 
1.875000 0.625000 -0.500000 1.250000 0.625000 -0.500000 1.250000 1.250000 -0.500000 
1.250000 0.625000 -0.500000 1.875000 0.625000 -0.500000 1.875000 0.000000 -0.500000 
1.875000 0.000000 -0.500000 1.250000 0.000000 -0.500000 1.250000 0.625000 -0.500000 
1.250000 0.000000 -0.500000 1.875000 0.000000 -0.500000 1.875000 -0.625000 -0.500000 
1.875000 -0.625000 -0.500000 1.250000 -0.625000 -0.500000 1.250000 0.000000 -0.500000 
1.250000 -0.625000 -0.500000 1.875000 -0.625000 -0.500000 1.875000 -1.250000 -0.500000 
1.875000 -1.250000 -0.500000 1.250000 -1.250000 -0.500000 1.250000 -0.625000 -0.500000 
1.250000 -1.250000 -0.500000 1.875000 -1.250000 -0.500000 1.875000 -1.875000 -0.500000 
1.875000 -1.875000 -0.500000 1.250000 -1.875000 -0.500000 1.250000 -1.250000 -0.500000 
1.250000 -1.875000 -0.500000 1.875000 -1.875000 -0.500000 1.875000 -2.500000 -0.500000 
1.875000 -2.500000 -0.500000 1.250000 -2.500000 -0.500000 1.250000 -1.875000 -0.500000 
1.250000 -2.500000 -0.500000 1.875000 -2.500000 -0.500000 1.875000 -3.125000 -0.500000 
1.875000 -3.125000 -0.500000 1.250000 -3.125000 -0.500000 1.250000 -2.500000 -0.500000 
1.250000 -3.125000 -0.500000 1.875000 -3.125000 -0.500000 1.875000 -3.750000 -0.500000 
1.875000 -3.750000 -0.500000 1.250000 -3.750000 -0.500000 1.250000 -3.125000 -0.500000 
1.250000 -3.750000 -0.500000 1.875000 -3.750000 -0.500000 1.875000 -4.375000 -0.500000 
1.875000 -4.375000 -0.500000 1.250000 -4.375000 -0.500000 1.250000 -3.750000 -0.500000 
0.625000 5.000000 -0.500000 1.250000 5.000000 -0.500000 1.250000 4.375000 -0.500000 
1.250000 4.375000 -0.500000 0.625000 4.375000 -0.500000 0.625000 5.000000 -0.500000 
0.625000 4.375000 -0.500000 1.250000 4.375000 -0.500000 1.250000 3.750000 -0.500000 
1.250000 3.750000 -0.500000 0.625000 3.750000 -0.500000 0.625000 4.375000 -0.500000 
0.625000 3.750000 -0.500000 1.250000 3.750000 -0.500000 1.250000 3.125000 -0.500000 
1.250000 3.125000 -0.500000 0.625000 3.125000 -0.500000 0.625000 3.750000 -0.500000 
0.625000 3.125000 -0.500000 1.250000 3.125000 -0.500000 1.250000 2.500000 -0.500000 
1.250000 2.500000 -0.500000 0.625000 2.500000 -0.500000 0.625000 3.125000 -0.500000 
0.625000 2.500000 -0.500000 1.250000 2.500000 -0.500000 1.250000 1.875000 -0.500000 
1.250000 1.875000 -0.500000 0.625000 1.875000 -0.500000 0.625000 2.500000 -0.500000 
0.625000 1.875000 -0.500000 1.250000 1.875000 -0.500000 1.250000 1.250000 -0.500000 
1.250000 1.250000 -0.500000 0.625000 1.250000 -0.500000 0.625000 1.875000 -0.500000 
0.625000 1.250000 -0.500000 1.250000 1.250000 -0.500000 1.250000 0.625000 -0.500000 
1.250000 0.625000 -0.500000 0.625000 0.625000 -0.500000 0.625000 1.250000 -0.500000 
0.625000 0.625000 -0.500000 1.250000 0.625000 -0.500000 1.250000 0.000000 -0.500000 
1.250000 0.000000 -0.500000 0.625000 0.000000 -0.500000 0.625000 0.625000 -0.500000 
0.625000 0.000000 -0.500000 1.250000 0.000000 -0.500000 1.250000 -0.625000 -0.500000 
1.250000 -0.625000 -0.500000 0.625000 -0.625000 -0.500000 0.625000 0.000000 -0.500000 
0.625000 -0.625000 -0.500000 1.250000 -0.625000 -0.500000 1.250000 -1.250000 -0.500000 
1.250000 -1.250000 -0.500000 0.625000 -1.250000 -0.500000 0.625000 -0.625000 -0.500000 
0.625000 -1.250000 -0.500000 1.250000 -1.250000 -0.500000 1.250000 -1.875000 -0.500000 
1.250000 -1.875000 -0.500000 0.625000 -1.875000 -0.500000 0.625000 -1.250000 -0.500000 
0.625000 -1.875000 -0.500000 1.250000 -1.875000 -0.500000 1.250000 -2.500000 -0.500000 
1.250000 -2.500000 -0.500000 0.625000 -2.500000 -0.500000 0.625000 -1.875000 -0.500000 
0.625000 -2.500000 -0.500000 1.250000 -2.500000 -0.500000 1.250000 -3.125000 -0.500000 
1.250000 -3.125000 -0.500000 0.625000 -3.125000 -0.500000 0.625000 -2.500000 -0.500000 
0.625000 -3.125000 -0.500000 1.250000 -3.125000 -0.500000 1.250000 -3.750000 -0.500000 
1.250000 -3.750000 -0.500000 0.625000 -3.750000 -0.500000 0.625000 -3.125000 -0.500000 
0.625000 -3.750000 -0.500000 1.250000 -3.750000 -0.500000 1.250000 -4.375000 -0.500000 
1.250000 -4.375000 -0.500000 0.625000 -4.375000 -0.500000 0.625000 -3.750000 -0.500000 
0.000000 5.000000 -0.500000 0.625000 5.000000 -0.500000 0.625000 4.375000 -0.500000 
0.625000 4.375000 -0.500000 0.000000 4.375000 -0.500000 0.000000 5.000000 -0.500000 
0.000000 4.375000 -0.500000 0.625000 4.375000 -0.500000 0.625000 3.750000 -0.500000 
0.625000 3.750000 -0.500000 0.000000 3.750000 -0.500000 0.000000 4.375000 -0.500000 
0.000000 3.750000 -0.500000 0.625000 3.750000 -0.500000 0.625000 3.125000 -0.500000 
0.625000 3.125000 -0.500000 0.000000 3.125000 -0.500000 0.000000 3.750000 -0.500000 
0.000000 3.125000 -0.500000 0.625000 3.125000 -0.500000 0.625000 2.500000 -0.500000 
0.625000 2.500000 -0.500000 0.000000 2.500000 -0.500000 0.000000 3.125000 -0.500000 
0.000000 2.500000 -0.500000 0.625000 2.500000 -0.500000 0.625000 1.875000 -0.500000 
0.625000 1.875000 -0.500000 0.000000 1.875000 -0.500000 0.000000 2.500000 -0.500000 
0.000000 1.875000 -0.500000 0.625000 1.875000 -0.500000 0.625000 1.250000 -0.500000 
0.625000 1.250000 -0.500000 0.000000 1.250000 -0.500000 0.000000 1.875000 -0.500000 
0.000000 1.250000 -0.500000 0.625000 1.250000 -0.500000 0.625000 0.625000 -0.500000 
0.625000 0.625000 -0.500000 0.000000 0.625000 -0.500000 0.000000 1.250000 -0.500000 
0.000000 0.625000 -0.500000 0.625000 0.625000 -0.500000 0.625000 0.000000 -0.500000 
0.625000 0.000000 -0.500000 0.000000 0.000000 -0.500000 0.000000 0.625000 -0.500000 
0.000000 0.000000 -0.500000 0.625000 0.000000 -0.500000 0.625000 -0.625000 -0.500000 
0.625000 -0.625000 -0.500000 0.000000 -0.625000 -0.500000 0.000000 0.000000 -0.500000 
0.000000 -0.625000 -0.500000 0.625000 -0.625000 -0.500000 0.625000 -1.250000 -0.500000 
0.625000 -1.250000 -0.500000 0.000000 -1.250000 -0.500000 0.000000 -0.625000 -0.500000 
0.000000 -1.250000 -0.500000 0.625000 -1.250000 -0.500000 0.625000 -1.875000 -0.500000 
0.625000 -1.875000 -0.500000 0.000000 -1.875000 -0.500000 0.000000 -1.250000 -0.500000 
0.000000 -1.875000 -0.500000 0.625000 -1.875000 -0.500000 0.625000 -2.500000 -0.500000 
0.625000 -2.500000 -0.500000 0.000000 -2.500000 -0.500000 0.000000 -1.875000 -0.500000 
0.000000 -2.500000 -0.500000 0.625000 -2.500000 -0.500000 0.625000 -3.125000 -0.500000 
0.625000 -3.125000 -0.500000 0.000000 -3.125000 -0.500000 0.000000 -2.500000 -0.500000 
0.000000 -3.125000 -0.500000 0.625000 -3.125000 -0.500000 0.625000 -3.750000 -0.500000 
0.625000 -3.750000 -0.500000 0.000000 -3.750000 -0.500000 0.000000 -3.125000 -0.500000 
0.000000 -3.750000 -0.500000 0.625000 -3.750000 -0.500000 0.625000 -4.375000 -0.500000 
0.625000 -4.375000 -0.500000 0.000000 -4.375000 -0.500000 0.000000 -3.750000 -0.500000 
-0.625000 5.000000 -0.500000 0.000000 5.000000 -0.500000 0.000000 4.375000 -0.500000 
0.000000 4.375000 -0.500000 -0.625000 4.375000 -0.500000 -0.625000 5.000000 -0.500000 
-0.625000 4.375000 -0.500000 0.000000 4.375000 -0.500000 0.000000 3.750000 -0.500000 
0.000000 3.750000 -0.500000 -0.625000 3.750000 -0.500000 -0.625000 4.375000 -0.500000 
-0.625000 3.750000 -0.500000 0.000000 3.750000 -0.500000 0.000000 3.125000 -0.500000 
0.000000 3.125000 -0.500000 -0.625000 3.125000 -0.500000 -0.625000 3.750000 -0.500000 
-0.625000 3.125000 -0.500000 0.000000 3.125000 -0.500000 0.000000 2.500000 -0.500000 
0.000000 2.500000 -0.500000 -0.625000 2.500000 -0.500000 -0.625000 3.125000 -0.500000 
-0.625000 2.500000 -0.500000 0.000000 2.500000 -0.500000 0.000000 1.875000 -0.500000 
0.000000 1.875000 -0.500000 -0.625000 1.875000 -0.500000 -0.625000 2.500000 -0.500000 
-0.625000 1.875000 -0.500000 0.000000 1.875000 -0.500000 0.000000 1.250000 -0.500000 
0.000000 1.250000 -0.500000 -0.625000 1.250000 -0.500000 -0.625000 1.875000 -0.500000 
-0.625000 1.250000 -0.500000 0.000000 1.250000 -0.500000 0.000000 0.625000 -0.500000 
0.000000 0.625000 -0.500000 -0.625000 0.625000 -0.500000 -0.625000 1.250000 -0.500000 
-0.625000 0.625000 -0.500000 0.000000 0.625000 -0.500000 0.000000 0.000000 -0.500000 
0.000000 0.000000 -0.500000 -0.625000 0.000000 -0.500000 -0.625000 0.625000 -0.500000 
-0.625000 0.000000 -0.500000 0.000000 0.000000 -0.500000 0.000000 -0.625000 -0.500000 
0.000000 -0.625000 -0.500000 -0.625000 -0.625000 -0.500000 -0.625000 0.000000 -0.500000 
-0.625000 -0.625000 -0.500000 0.000000 -0.625000 -0.500000 0.000000 -1.250000 -0.500000 
0.000000 -1.250000 -0.500000 -0.625000 -1.250000 -0.500000 -0.625000 -0.625000 -0.500000 
-0.625000 -1.250000 -0.500000 0.000000 -1.250000 -0.500000 0.000000 -1.875000 -0.500000 
0.000000 -1.875000 -0.500000 -0.625000 -1.875000 -0.500000 -0.625000 -1.250000 -0.500000 
-0.625000 -1.875000 -0.500000 0.000000 -1.875000 -0.500000 0.000000 -2.500000 -0.500000 
0.000000 -2.500000 -0.500000 -0.625000 -2.500000 -0.500000 -0.625000 -1.875000 -0.500000 
-0.625000 -2.500000 -0.500000 0.000000 -2.500000 -0.500000 0.000000 -3.125000 -0.500000 
0.000000 -3.125000 -0.500000 -0.625000 -3.125000 -0.500000 -0.625000 -2.500000 -0.500000 
-0.625000 -3.125000 -0.500000 0.000000 -3.125000 -0.500000 0.000000 -3.750000 -0.500000 
0.000000 -3.750000 -0.500000 -0.625000 -3.750000 -0.500000 -0.625000 -3.125000 -0.500000 
-0.625000 -3.750000 -0.500000 0.000000 -3.750000 -0.500000 0.000000 -4.375000 -0.500000 
0.000000 -4.375000 -0.500000 -0.625000 -4.375000 -0.500000 -0.625000 -3.750000 -0.500000 
-1.250000 5.000000 -0.500000 -0.625000 5.000000 -0.500000 -0.625000 4.375000 -0.500000 
-0.625000 4.375000 -0.500000 -1.250000 4.375000 -0.500000 -1.250000 5.000000 -0.500000 
-1.250000 4.375000 -0.500000 -0.625000 4.375000 -0.500000 -0.625000 3.750000 -0.500000 
-0.625000 3.750000 -0.500000 -1.250000 3.750000 -0.500000 -1.250000 4.375000 -0.500000 
-1.250000 3.750000 -0.500000 -0.625000 3.750000 -0.500000 -0.625000 3.125000 -0.500000 
-0.625000 3.125000 -0.500000 -1.250000 3.125000 -0.500000 -1.250000 3.750000 -0.500000 
-1.250000 3.125000 -0.500000 -0.625000 3.125000 -0.500000 -0.625000 2.500000 -0.500000 
-0.625000 2.500000 -0.500000 -1.250000 2.500000 -0.500000 -1.250000 3.125000 -0.500000 
-1.250000 2.500000 -0.500000 -0.625000 2.500000 -0.500000 -0.625000 1.875000 -0.500000 
-0.625000 1.875000 -0.500000 -1.250000 1.875000 -0.500000 -1.250000 2.500000 -0.500000 
-1.250000 1.875000 -0.500000 -0.625000 1.875000 -0.500000 -0.625000 1.250000 -0.500000 
-0.625000 1.250000 -0.500000 -1.250000 1.250000 -0.500000 -1.250000 1.875000 -0.500000 
-1.250000 1.250000 -0.500000 -0.625000 1.250000 -0.500000 -0.625000 0.625000 -0.500000 
-0.625000 0.625000 -0.500000 -1.250000 0.625000 -0.500000 -1.250000 1.250000 -0.500000 
-1.250000 0.625000 -0.500000 -0.625000 0.625000 -0.500000 -0.625000 0.000000 -0.500000 
-0.625000 0.000000 -0.500000 -1.250000 0.000000 -0.500000 -1.250000 0.625000 -0.500000 
-1.250000 0.000000 -0.500000 -0.625000 0.000000 -0.500000 -0.625000 -0.625000 -0.500000 
-0.625000 -0.625000 -0.500000 -1.250000 -0.625000 -0.500000 -1.250000 0.000000 -0.500000 
-1.250000 -0.625000 -0.500000 -0.625000 -0.625000 -0.500000 -0.625000 -1.250000 -0.500000 
-0.625000 -1.250000 -0.500000 -1.250000 -1.250000 -0.500000 -1.250000 -0.625000 -0.500000 
-1.250000 -1.250000 -0.500000 -0.625000 -1.250000 -0.500000 -0.625000 -1.875000 -0.500000 
-0.625000 -1.875000 -0.500000 -1.250000 -1.875000 -0.500000 -1.250000 -1.250000 -0.500000 
-1.250000 -1.875000 -0.500000 -0.625000 -1.875000 -0.500000 -0.625000 -2.500000 -0.500000 
-0.625000 -2.500000 -0.500000 -1.250000 -2.500000 -0.500000 -1.250000 -1.875000 -0.500000 
-1.250000 -2.500000 -0.500000 -0.625000 -2.500000 -0.500000 -0.625000 -3.125000 -0.500000 
-0.625000 -3.125000 -0.500000 -1.250000 -3.125000 -0.500000 -1.250000 -2.500000 -0.500000 
-1.250000 -3.125000 -0.500000 -0.625000 -3.125000 -0.500000 -0.625000 -3.750000 -0.500000 
-0.625000 -3.750000 -0.500000 -1.250000 -3.750000 -0.500000 -1.250000 -3.125000 -0.500000 
-1.250000 -3.750000 -0.500000 -0.625000 -3.750000 -0.500000 -0.625000 -4.375000 -0.500000 
-0.625000 -4.375000 -0.500000 -1.250000 -4.375000 -0.500000 -1.250000 -3.750000 -0.500000 
-1.875000 5.000000 -0.500000 -1.250000 5.000000 -0.500000 -1.250000 4.375000 -0.500000 
-1.250000 4.375000 -0.500000 -1.875000 4.375000 -0.500000 -1.875000 5.000000 -0.500000 
-1.875000 4.375000 -0.500000 -1.250000 4.375000 -0.500000 -1.250000 3.750000 -0.500000 
-1.250000 3.750000 -0.500000 -1.875000 3.750000 -0.500000 -1.875000 4.375000 -0.500000 
-1.875000 3.750000 -0.500000 -1.250000 3.750000 -0.500000 -1.250000 3.125000 -0.500000 
-1.250000 3.125000 -0.500000 -1.875000 3.125000 -0.500000 -1.875000 3.750000 -0.500000 
-1.875000 3.125000 -0.500000 -1.250000 3.125000 -0.500000 -1.250000 2.500000 -0.500000 
-1.250000 2.500000 -0.500000 -1.875000 2.500000 -0.500000 -1.875000 3.125000 -0.500000 
-1.875000 2.500000 -0.500000 -1.250000 2.500000 -0.500000 -1.250000 1.875000 -0.500000 
-1.250000 1.875000 -0.500000 -1.875000 1.875000 -0.500000 -1.875000 2.500000 -0.500000 
-1.875000 1.875000 -0.500000 -1.250000 1.875000 -0.500000 -1.250000 1.250000 -0.500000 
-1.250000 1.250000 -0.500000 -1.875000 1.250000 -0.500000 -1.875000 1.875000 -0.500000 
-1.875000 1.250000 -0.500000 -1.250000 1.250000 -0.500000 -1.250000 0.625000 -0.500000 
-1.250000 0.625000 -0.500000 -1.875000 0.625000 -0.500000 -1.875000 1.250000 -0.500000 
-1.875000 0.625000 -0.500000 -1.250000 0.625000 -0.500000 -1.250000 0.000000 -0.500000 
-1.250000 0.000000 -0.500000 -1.875000 0.000000 -0.500000 -1.875000 0.625000 -0.500000 
-1.875000 0.000000 -0.500000 -1.250000 0.000000 -0.500000 -1.250000 -0.625000 -0.500000 
-1.250000 -0.625000 -0.500000 -1.875000 -0.625000 -0.500000 -1.875000 0.000000 -0.500000 
-1.875000 -0.625000 -0.500000 -1.250000 -0.625000 -0.500000 -1.250000 -1.250000 -0.500000 
-1.250000 -1.250000 -0.500000 -1.875000 -1.250000 -0.500000 -1.875000 -0.625000 -0.500000 
-1.875000 -1.250000 -0.500000 -1.250000 -1.250000 -0.500000 -1.250000 -1.875000 -0.500000 
-1.250000 -1.875000 -0.500000 -1.875000 -1.875000 -0.500000 -1.875000 -1.250000 -0.500000 
-1.875000 -1.875000 -0.500000 -1.250000 -1.875000 -0.500000 -1.250000 -2.500000 -0.500000 
-1.250000 -2.500000 -0.500000 -1.875000 -2.500000 -0.500000 -1.875000 -1.875000 -0.500000 
-1.875000 -2.500000 -0.500000 -1.250000 -2.500000 -0.500000 -1.250000 -3.125000 -0.500000 
-1.250000 -3.125000 -0.500000 -1.875000 -3.125000 -0.500000 -1.875000 -2.500000 -0.500000 
-1.875000 -3.125000 -0.500000 -1.250000 -3.125000 -0.500000 -1.250000 -3.750000 -0.500000 
-1.250000 -3.750000 -0.500000 -1.875000 -3.750000 -0.500000 -1.875000 -3.125000 -0.500000 
-1.875000 -3.750000 -0.500000 -1.250000 -3.750000 -0.500000 -1.250000 -4.375000 -0.500000 
-1.250000 -4.375000 -0.500000 -1.875000 -4.375000 -0.500000 -1.875000 -3.750000 -0.500000 
-2.500000 5.000000 -0.500000 -1.875000 5.000000 -0.500000 -1.875000 4.375000 -0.500000 
-1.875000 4.375000 -0.500000 -2.500000 4.375000 -0.500000 -2.500000 5.000000 -0.500000 
-2.500000 4.375000 -0.500000 -1.875000 4.375000 -0.500000 -1.875000 3.750000 -0.500000 
-1.875000 3.750000 -0.500000 -2.500000 3.750000 -0.500000 -2.500000 4.375000 -0.500000 
-2.500000 3.750000 -0.500000 -1.875000 3.750000 -0.500000 -1.875000 3.125000 -0.500000 
-1.875000 3.125000 -0.500000 -2.500000 3.125000 -0.500000 -2.500000 3.750000 -0.500000 
-2.500000 3.125000 -0.500000 -1.875000 3.125000 -0.500000 -1.875000 2.500000 -0.500000 
-1.875000 2.500000 -0.500000 -2.500000 2.500000 -0.500000 -2.500000 3.125000 -0.500000 
-2.500000 2.500000 -0.500000 -1.875000 2.500000 -0.500000 -1.875000 1.875000 -0.500000 
-1.875000 1.875000 -0.500000 -2.500000 1.875000 -0.500000 -2.500000 2.500000 -0.500000 
-2.500000 1.875000 -0.500000 -1.875000 1.875000 -0.500000 -1.875000 1.250000 -0.500000 
-1.875000 1.250000 -0.500000 -2.500000 1.250000 -0.500000 -2.500000 1.875000 -0.500000 
-2.500000 1.250000 -0.500000 -1.875000 1.250000 -0.500000 -1.875000 0.625000 -0.500000 
-1.875000 0.625000 -0.500000 -2.500000 0.625000 -0.500000 -2.500000 1.250000 -0.500000 
-2.500000 0.625000 -0.500000 -1.875000 0.625000 -0.500000 -1.875000 0.000000 -0.500000 
-1.875000 0.000000 -0.500000 -2.500000 0.000000 -0.500000 -2.500000 0.625000 -0.500000 
-2.500000 0.000000 -0.500000 -1.875000 0.000000 -0.500000 -1.875000 -0.625000 -0.500000 
-1.875000 -0.625000 -0.500000 -2.500000 -0.625000 -0.500000 -2.500000 0.000000 -0.500000 
-2.500000 -0.625000 -0.500000 -1.875000 -0.625000 -0.500000 -1.875000 -1.250000 -0.500000 
-1.875000 -1.250000 -0.500000 -2.500000 -1.250000 -0.500000 -2.500000 -0.625000 -0.500000 
-2.500000 -1.250000 -0.500000 -1.875000 -1.250000 -0.500000 -1.875000 -1.875000 -0.500000 
-1.875000 -1.875000 -0.500000 -2.500000 -1.875000 -0.500000 -2.500000 -1.250000 -0.500000 
-2.500000 -1.875000 -0.500000 -1.875000 -1.875000 -0.500000 -1.875000 -2.500000 -0.500000 
-1.875000 -2.500000 -0.500000 -2.500000 -2.500000 -0.500000 -2.500000 -1.875000 -0.500000 
-2.500000 -2.500000 -0.500000 -1.875000 -2.500000 -0.500000 -1.875000 -3.125000 -0.500000 
-1.875000 -3.125000 -0.500000 -2.500000 -3.125000 -0.500000 -2.500000 -2.500000 -0.500000 
-2.500000 -3.125000 -0.500000 -1.875000 -3.125000 -0.500000 -1.875000 -3.750000 -0.500000 
-1.875000 -3.750000 -0.500000 -2.500000 -3.750000 -0.500000 -2.500000 -3.125000 -0.500000 
-2.500000 -3.750000 -0.500000 -1.875000 -3.750000 -0.500000 -1.875000 -4.375000 -0.500000 
-1.875000 -4.375000 -0.500000 -2.500000 -4.375000 -0.500000 -2.500000 -3.750000 -0.500000 
-3.125000 5.000000 -0.500000 -2.500000 5.000000 -0.500000 -2.500000 4.375000 -0.500000 
-2.500000 4.375000 -0.500000 -3.125000 4.375000 -0.500000 -3.125000 5.000000 -0.500000 
-3.125000 4.375000 -0.500000 -2.500000 4.375000 -0.500000 -2.500000 3.750000 -0.500000 
-2.500000 3.750000 -0.500000 -3.125000 3.750000 -0.500000 -3.125000 4.375000 -0.500000 
-3.125000 3.750000 -0.500000 -2.500000 3.750000 -0.500000 -2.500000 3.125000 -0.500000 
-2.500000 3.125000 -0.500000 -3.125000 3.125000 -0.500000 -3.125000 3.750000 -0.500000 
-3.125000 3.125000 -0.500000 -2.500000 3.125000 -0.500000 -2.500000 2.500000 -0.500000 
-2.500000 2.500000 -0.500000 -3.125000 2.500000 -0.500000 -3.125000 3.125000 -0.500000 
-3.125000 2.500000 -0.500000 -2.500000 2.500000 -0.500000 -2.500000 1.875000 -0.500000 
-2.500000 1.875000 -0.500000 -3.125000 1.875000 -0.500000 -3.125000 2.500000 -0.500000 
-3.125000 1.875000 -0.500000 -2.500000 1.875000 -0.500000 -2.500000 1.250000 -0.500000 
-2.500000 1.250000 -0.500000 -3.125000 1.250000 -0.500000 -3.125000 1.875000 -0.500000 
-3.125000 1.250000 -0.500000 -2.500000 1.250000 -0.500000 -2.500000 0.625000 -0.500000 
-2.500000 0.625000 -0.500000 -3.125000 0.625000 -0.500000 -3.125000 1.250000 -0.500000 
-3.125000 0.625000 -0.500000 -2.500000 0.625000 -0.500000 -2.500000 0.000000 -0.500000 
-2.500000 0.000000 -0.500000 -3.125000 0.000000 -0.500000 -3.125000 0.625000 -0.500000 
-3.125000 0.000000 -0.500000 -2.500000 0.000000 -0.500000 -2.500000 -0.625000 -0.500000 
-2.500000 -0.625000 -0.500000 -3.125000 -0.625000 -0.500000 -3.125000 0.000000 -0.500000 
-3.125000 -0.625000 -0.500000 -2.500000 -0.625000 -0.500000 -2.500000 -1.250000 -0.500000 
-2.500000 -1.250000 -0.500000 -3.125000 -1.250000 -0.500000 -3.125000 -0.625000 -0.500000 
-3.125000 -1.250000 -0.500000 -2.500000 -1.250000 -0.500000 -2.500000 -1.875000 -0.500000 
-2.500000 -1.875000 -0.500000 -3.125000 -1.875000 -0.500000 -3.125000 -1.250000 -0.500000 
-3.125000 -1.875000 -0.500000 -2.500000 -1.875000 -0.500000 -2.500000 -2.500000 -0.500000 
-2.500000 -2.500000 -0.500000 -3.125000 -2.500000 -0.500000 -3.125000 -1.875000 -0.500000 
-3.125000 -2.500000 -0.500000 -2.500000 -2.500000 -0.500000 -2.500000 -3.125000 -0.500000 
-2.500000 -3.125000 -0.500000 -3.125000 -3.125000 -0.500000 -3.125000 -2.500000 -0.500000 
-3.125000 -3.125000 -0.500000 -2.500000 -3.125000 -0.500000 -2.500000 -3.750000 -0.500000 
-2.500000 -3.750000 -0.500000 -3.125000 -3.750000 -0.500000 -3.125000 -3.125000 -0.500000 
-3.125000 -3.750000 -0.500000 -2.500000 -3.750000 -0.500000 -2.500000 -4.375000 -0.500000 
-2.500000 -4.375000 -0.500000 -3.125000 -4.375000 -0.500000 -3.125000 -3.750000 -0.500000 
-3.750000 5.000000 -0.500000 -3.125000 5.000000 -0.500000 -3.125000 4.375000 -0.500000 
-3.125000 4.375000 -0.500000 -3.750000 4.375000 -0.500000 -3.750000 5.000000 -0.500000 
-3.750000 4.375000 -0.500000 -3.125000 4.375000 -0.500000 -3.125000 3.750000 -0.500000 
-3.125000 3.750000 -0.500000 -3.750000 3.750000 -0.500000 -3.750000 4.375000 -0.500000 
-3.750000 3.750000 -0.500000 -3.125000 3.750000 -0.500000 -3.125000 3.125000 -0.500000 
-3.125000 3.125000 -0.500000 -3.750000 3.125000 -0.500000 -3.750000 3.750000 -0.500000 
-3.750000 3.125000 -0.500000 -3.125000 3.125000 -0.500000 -3.125000 2.500000 -0.500000 
-3.125000 2.500000 -0.500000 -3.750000 2.500000 -0.500000 -3.750000 3.125000 -0.500000 
-3.750000 2.500000 -0.500000 -3.125000 2.500000 -0.500000 -3.125000 1.875000 -0.500000 
-3.125000 1.875000 -0.500000 -3.750000 1.875000 -0.500000 -3.750000 2.500000 -0.500000 
-3.750000 1.875000 -0.500000 -3.125000 1.875000 -0.500000 -3.125000 1.250000 -0.500000 
-3.125000 1.250000 -0.500000 -3.750000 1.250000 -0.500000 -3.750000 1.875000 -0.500000 
-3.750000 1.250000 -0.500000 -3.125000 1.250000 -0.500000 -3.125000 0.625000 -0.500000 
-3.125000 0.625000 -0.500000 -3.750000 0.625000 -0.500000 -3.750000 1.250000 -0.500000 
-3.750000 0.625000 -0.500000 -3.125000 0.625000 -0.500000 -3.125000 0.000000 -0.500000 
-3.125000 0.000000 -0.500000 -3.750000 0.000000 -0.500000 -3.750000 0.625000 -0.500000 
-3.750000 0.000000 -0.500000 -3.125000 0.000000 -0.500000 -3.125000 -0.625000 -0.500000 
-3.125000 -0.625000 -0.500000 -3.750000 -0.625000 -0.500000 -3.750000 0.000000 -0.500000 
-3.750000 -0.625000 -0.500000 -3.125000 -0.625000 -0.500000 -3.125000 -1.250000 -0.500000 
-3.125000 -1.250000 -0.500000 -3.750000 -1.250000 -0.500000 -3.750000 -0.625000 -0.500000 
-3.750000 -1.250000 -0.500000 -3.125000 -1.250000 -0.500000 -3.125000 -1.875000 -0.500000 
-3.125000 -1.875000 -0.500000 -3.750000 -1.875000 -0.500000 -3.750000 -1.250000 -0.500000 
-3.750000 -1.875000 -0.500000 -3.125000 -1.875000 -0.500000 -3.125000 -2.500000 -0.500000 
-3.125000 -2.500000 -0.500000 -3.750000 -2.500000 -0.500000 -3.750000 -1.875000 -0.500000 
-3.750000 -2.500000 -0.500000 -3.125000 -2.500000 -0.500000 -3.125000 -3.125000 -0.500000 
-3.125000 -3.125000 -0.500000 -3.750000 -3.125000 -0.500000 -3.750000 -2.500000 -0.500000 
-3.750000 -3.125000 -0.500000 -3.125000 -3.125000 -0.500000 -3.125000 -3.750000 -0.500000 
-3.125000 -3.750000 -0.500000 -3.750000 -3.750000 -0.500000 -3.750000 -3.125000 -0.500000 
-3.750000 -3.750000 -0.500000 -3.125000 -3.750000 -0.500000 -3.125000 -4.375000 -0.500000 
-3.125000 -4.375000 -0.500000 -3.750000 -4.375000 -0.500000 -3.750000 -3.750000 -0.500000 
-4.375000 5.000000 -0.500000 -3.750000 5.000000 -0.500000 -3.750000 4.375000 -0.500000 
-3.750000 4.375000 -0.500000 -4.375000 4.375000 -0.500000 -4.375000 5.000000 -0.500000 
-4.375000 4.375000 -0.500000 -3.750000 4.375000 -0.500000 -3.750000 3.750000 -0.500000 
-3.750000 3.750000 -0.500000 -4.375000 3.750000 -0.500000 -4.375000 4.375000 -0.500000 
-4.375000 3.750000 -0.500000 -3.750000 3.750000 -0.500000 -3.750000 3.125000 -0.500000 
-3.750000 3.125000 -0.500000 -4.375000 3.125000 -0.500000 -4.375000 3.750000 -0.500000 
-4.375000 3.125000 -0.500000 -3.750000 3.125000 -0.500000 -3.750000 2.500000 -0.500000 
-3.750000 2.500000 -0.500000 -4.375000 2.500000 -0.500000 -4.375000 3.125000 -0.500000 
-4.375000 2.500000 -0.500000 -3.750000 2.500000 -0.500000 -3.750000 1.875000 -0.500000 
-3.750000 1.875000 -0.500000 -4.375000 1.875000 -0.500000 -4.375000 2.500000 -0.500000 
-4.375000 1.875000 -0.500000 -3.750000 1.875000 -0.500000 -3.750000 1.250000 -0.500000 
-3.750000 1.250000 -0.500000 -4.375000 1.250000 -0.500000 -4.375000 1.875000 -0.500000 
-4.375000 1.250000 -0.500000 -3.750000 1.250000 -0.500000 -3.750000 0.625000 -0.500000 
-3.750000 0.625000 -0.500000 -4.375000 0.625000 -0.500000 -4.375000 1.250000 -0.500000 
-4.375000 0.625000 -0.500000 -3.750000 0.625000 -0.500000 -3.750000 0.000000 -0.500000 
-3.750000 0.000000 -0.500000 -4.375000 0.000000 -0.500000 -4.375000 0.625000 -0.500000 
-4.375000 0.000000 -0.500000 -3.750000 0.000000 -0.500000 -3.750000 -0.625000 -0.500000 
-3.750000 -0.625000 -0.500000 -4.375000 -0.625000 -0.500000 -4.375000 0.000000 -0.500000 
-4.375000 -0.625000 -0.500000 -3.750000 -0.625000 -0.500000 -3.750000 -1.250000 -0.500000 
-3.750000 -1.250000 -0.500000 -4.375000 -1.250000 -0.500000 -4.375000 -0.625000 -0.500000 
-4.375000 -1.250000 -0.500000 -3.750000 -1.250000 -0.500000 -3.750000 -1.875000 -0.500000 
-3.750000 -1.875000 -0.500000 -4.375000 -1.875000 -0.500000 -4.375000 -1.250000 -0.500000 
-4.375000 -1.875000 -0.500000 -3.750000 -1.875000 -0.500000 -3.750000 -2.500000 -0.500000 
-3.750000 -2.500000 -0.500000 -4.375000 -2.500000 -0.500000 -4.375000 -1.875000 -0.500000 
-4.375000 -2.500000 -0.500000 -3.750000 -2.500000 -0.500000 -3.750000 -3.125000 -0.500000 
-3.750000 -3.125000 -0.500000 -4.375000 -3.125000 -0.500000 -4.375000 -2.500000 -0.500000 
-4.375000 -3.125000 -0.500000 -3.750000 -3.125000 -0.500000 -3.750000 -3.750000 -0.500000 
-3.750000 -3.750000 -0.500000 -4.375000 -3.750000 -0.500000 -4.375000 -3.125000 -0.500000 
-4.375000 -3.750000 -0.500000 -3.750000 -3.750000 -0.500000 -3.750000 -4.375000 -0.500000 
-3.750000 -4.375000 -0.500000 -4.375000 -4.375000 -0.500000 -4.375000 -3.750000 -0.500000 
-5.000000 5.000000 -0.500000 -4.375000 5.000000 -0.500000 -4.375000 4.375000 -0.500000 
-4.375000 4.375000 -0.500000 -5.000000 4.375000 -0.500000 -5.000000 5.000000 -0.500000 
-5.000000 4.375000 -0.500000 -4.375000 4.375000 -0.500000 -4.375000 3.750000 -0.500000 
-4.375000 3.750000 -0.500000 -5.000000 3.750000 -0.500000 -5.000000 4.375000 -0.500000 
-5.000000 3.750000 -0.500000 -4.375000 3.750000 -0.500000 -4.375000 3.125000 -0.500000 
-4.375000 3.125000 -0.500000 -5.000000 3.125000 -0.500000 -5.000000 3.750000 -0.500000 
-5.000000 3.125000 -0.500000 -4.375000 3.125000 -0.500000 -4.375000 2.500000 -0.500000 
-4.375000 2.500000 -0.500000 -5.000000 2.500000 -0.500000 -5.000000 3.125000 -0.500000 
-5.000000 2.500000 -0.500000 -4.375000 2.500000 -0.500000 -4.375000 1.875000 -0.500000 
-4.375000 1.875000 -0.500000 -5.000000 1.875000 -0.500000 -5.000000 2.500000 -0.500000 
-5.000000 1.875000 -0.500000 -4.375000 1.875000 -0.500000 -4.375000 1.250000 -0.500000 
-4.375000 1.250000 -0.500000 -5.000000 1.250000 -0.500000 -5.000000 1.875000 -0.500000 
-5.000000 1.250000 -0.500000 -4.375000 1.250000 -0.500000 -4.375000 0.625000 -0.500000 
-4.375000 0.625000 -0.500000 -5.000000 0.625000 -0.500000 -5.000000 1.250000 -0.500000 
-5.000000 0.625000 -0.500000 -4.375000 0.625000 -0.500000 -4.375000 0.000000 -0.500000 
-4.375000 0.000000 -0.500000 -5.000000 0.000000 -0.500000 -5.000000 0.625000 -0.500000 
-5.000000 0.000000 -0.500000 -4.375000 0.000000 -0.500000 -4.375000 -0.625000 -0.500000 
-4.375000 -0.625000 -0.500000 -5.000000 -0.625000 -0.500000 -5.000000 0.000000 -0.500000 
-5.000000 -0.625000 -0.500000 -4.375000 -0.625000 -0.500000 -4.375000 -1.250000 -0.500000 
-4.375000 -1.250000 -0.500000 -5.000000 -1.250000 -0.500000 -5.000000 -0.625000 -0.500000 
-5.000000 -1.250000 -0.500000 -4.375000 -1.250000 -0.500000 -4.375000 -1.875000 -0.500000 
-4.375000 -1.875000 -0.500000 -5.000000 -1.875000 -0.500000 -5.000000 -1.250000 -0.500000 
-5.000000 -1.875000 -0.500000 -4.375000 -1.875000 -0.500000 -4.375000 -2.500000 -0.500000 
-4.375000 -2.500000 -0.500000 -5.000000 -2.500000 -0.500000 -5.000000 -1.875000 -0.500000 
-5.000000 -2.500000 -0.500000 -4.375000 -2.500000 -0.500000 -4.375000 -3.125000 -0.500000 
-4.375000 -3.125000 -0.500000 -5.000000 -3.125000 -0.500000 -5.000000 -2.500000 -0.500000 
-5.000000 -3.125000 -0.500000 -4.375000 -3.125000 -0.500000 -4.375000 -3.750000 -0.500000 
-4.375000 -3.750000 -0.500000 -5.000000 -3.750000 -0.500000 -5.000000 -3.125000 -0.500000 
-5.000000 -3.750000 -0.500000 -4.375000 -3.750000 -0.500000 -4.375000 -4.375000 -0.500000 
-4.375000 -4.375000 -0.500000 -5.000000 -4.375000 -0.500000 -5.000000 -3.750000 -0.500000 
-3.750000 5.000000 0.500000 -4.375000 5.000000 0.500000 -4.375000 4.375000 0.500000 
-4.375000 4.375000 0.500000 -3.750000 4.375000 0.500000 -3.750000 5.000000 0.500000 
-3.750000 4.375000 0.500000 -4.375000 4.375000 0.500000 -4.375000 3.750000 0.500000 
-4.375000 3.750000 0.500000 -3.750000 3.750000 0.500000 -3.750000 4.375000 0.500000 
-3.750000 3.750000 0.500000 -4.375000 3.750000 0.500000 -4.375000 3.125000 0.500000 
-4.375000 3.125000 0.500000 -3.750000 3.125000 0.500000 -3.750000 3.750000 0.500000 
-3.750000 3.125000 0.500000 -4.375000 3.125000 0.500000 -4.375000 2.500000 0.500000 
-4.375000 2.500000 0.500000 -3.750000 2.500000 0.500000 -3.750000 3.125000 0.500000 
-3.750000 2.500000 0.500000 -4.375000 2.500000 0.500000 -4.375000 1.875000 0.500000 
-4.375000 1.875000 0.500000 -3.750000 1.875000 0.500000 -3.750000 2.500000 0.500000 
-3.750000 1.875000 0.500000 -4.375000 1.875000 0.500000 -4.375000 1.250000 0.500000 
-4.375000 1.250000 0.500000 -3.750000 1.250000 0.500000 -3.750000 1.875000 0.500000 
-3.750000 1.250000 0.500000 -4.375000 1.250000 0.500000 -4.375000 0.625000 0.500000 
-4.375000 0.625000 0.500000 -3.750000 0.625000 0.500000 -3.750000 1.250000 0.500000 
-3.750000 0.625000 0.500000 -4.375000 0.625000 0.500000 -4.375000 0.000000 0.500000 
-4.375000 0.000000 0.500000 -3.750000 0.000000 0.500000 -3.750000 0.625000 0.500000 
-3.750000 0.000000 0.500000 -4.375000 0.000000 0.500000 -4.375000 -0.625000 0.500000 
-4.375000 -0.625000 0.500000 -3.750000 -0.625000 0.500000 -3.750000 0.000000 0.500000 
-3.750000 -0.625000 0.500000 -4.375000 -0.625000 0.500000 -4.375000 -1.250000 0.500000 
-4.375000 -1.250000 0.500000 -3.750000 -1.250000 0.500000 -3.750000 -0.625000 0.500000 
-3.750000 -1.250000 0.500000 -4.375000 -1.250000 0.500000 -4.375000 -1.875000 0.500000 
-4.375000 -1.875000 0.500000 -3.750000 -1.875000 0.500000 -3.750000 -1.250000 0.500000 
-3.750000 -1.875000 0.500000 -4.375000 -1.875000 0.500000 -4.375000 -2.500000 0.500000 
-4.375000 -2.500000 0.500000 -3.750000 -2.500000 0.500000 -3.750000 -1.875000 0.500000 
-3.750000 -2.500000 0.500000 -4.375000 -2.500000 0.500000 -4.375000 -3.125000 0.500000 
-4.375000 -3.125000 0.500000 -3.750000 -3.125000 0.500000 -3.750000 -2.500000 0.500000 
-3.750000 -3.125000 0.500000 -4.375000 -3.125000 0.500000 -4.375000 -3.750000 0.500000 
-4.375000 -3.750000 0.500000 -3.750000 -3.750000 0.500000 -3.750000 -3.125000 0.500000 
-3.750000 -3.750000 0.500000 -4.375000 -3.750000 0.500000 -4.375000 -4.375000 0.500000 
-4.375000 -4.375000 0.500000 -3.750000 -4.375000 0.500000 -3.750000 -3.750000 0.500000 
-3.125000 5.000000 0.500000 -3.750000 5.000000 0.500000 -3.750000 4.375000 0.500000 
-3.750000 4.375000 0.500000 -3.125000 4.375000 0.500000 -3.125000 5.000000 0.500000 
-3.125000 4.375000 0.500000 -3.750000 4.375000 0.500000 -3.750000 3.750000 0.500000 
-3.750000 3.750000 0.500000 -3.125000 3.750000 0.500000 -3.125000 4.375000 0.500000 
-3.125000 3.750000 0.500000 -3.750000 3.750000 0.500000 -3.750000 3.125000 0.500000 
-3.750000 3.125000 0.500000 -3.125000 3.125000 0.500000 -3.125000 3.750000 0.500000 
-3.125000 3.125000 0.500000 -3.750000 3.125000 0.500000 -3.750000 2.500000 0.500000 
-3.750000 2.500000 0.500000 -3.125000 2.500000 0.500000 -3.125000 3.125000 0.500000 
-3.125000 2.500000 0.500000 -3.750000 2.500000 0.500000 -3.750000 1.875000 0.500000 
-3.750000 1.875000 0.500000 -3.125000 1.875000 0.500000 -3.125000 2.500000 0.500000 
-3.125000 1.875000 0.500000 -3.750000 1.875000 0.500000 -3.750000 1.250000 0.500000 
-3.750000 1.250000 0.500000 -3.125000 1.250000 0.500000 -3.125000 1.875000 0.500000 
-3.125000 1.250000 0.500000 -3.750000 1.250000 0.500000 -3.750000 0.625000 0.500000 
-3.750000 0.625000 0.500000 -3.125000 0.625000 0.500000 -3.125000 1.250000 0.500000 
-3.125000 0.625000 0.500000 -3.750000 0.625000 0.500000 -3.750000 0.000000 0.500000 
-3.750000 0.000000 0.500000 -3.125000 0.000000 0.500000 -3.125000 0.625000 0.500000 
-3.125000 0.000000 0.500000 -3.750000 0.000000 0.500000 -3.750000 -0.625000 0.500000 
-3.750000 -0.625000 0.500000 -3.125000 -0.625000 0.500000 -3.125000 0.000000 0.500000 
-3.125000 -0.625000 0.500000 -3.750000 -0.625000 0.500000 -3.750000 -1.250000 0.500000 
-3.750000 -1.250000 0.500000 -3.125000 -1.250000 0.500000 -3.125000 -0.625000 0.500000 
-3.125000 -1.250000 0.500000 -3.750000 -1.250000 0.500000 -3.750000 -1.875000 0.500000 
-3.750000 -1.875000 0.500000 -3.125000 -1.875000 0.500000 -3.125000 -1.250000 0.500000 
-3.125000 -1.875000 0.500000 -3.750000 -1.875000 0.500000 -3.750000 -2.500000 0.500000 
-3.750000 -2.500000 0.500000 -3.125000 -2.500000 0.500000 -3.125000 -1.875000 0.500000 
-3.125000 -2.500000 0.500000 -3.750000 -2.500000 0.500000 -3.750000 -3.125000 0.500000 
-3.750000 -3.125000 0.500000 -3.125000 -3.125000 0.500000 -3.125000 -2.500000 0.500000 
-3.125000 -3.125000 0.500000 -3.750000 -3.125000 0.500000 -3.750000 -3.750000 0.500000 
-3.750000 -3.750000 0.500000 -3.125000 -3.750000 0.500000 -3.125000 -3.125000 0.500000 
-3.125000 -3.750000 0.500000 -3.750000 -3.750000 0.500000 -3.750000 -4.375000 0.500000 
-3.750000 -4.375000 0.500000 -3.125000 -4.375000 0.500000 -3.125000 -3.750000 0.500000 
-2.500000 5.000000 0.500000 -3.125000 5.000000 0.500000 -3.125000 4.375000 0.500000 
-3.125000 4.375000 0.500000 -2.500000 4.375000 0.500000 -2.500000 5.000000 0.500000 
-2.500000 4.375000 0.500000 -3.125000 4.375000 0.500000 -3.125000 3.750000 0.500000 
-3.125000 3.750000 0.500000 -2.500000 3.750000 0.500000 -2.500000 4.375000 0.500000 
-2.500000 3.750000 0.500000 -3.125000 3.750000 0.500000 -3.125000 3.125000 0.500000 
-3.125000 3.125000 0.500000 -2.500000 3.125000 0.500000 -2.500000 3.750000 0.500000 
-2.500000 3.125000 0.500000 -3.125000 3.125000 0.500000 -3.125000 2.500000 0.500000 
-3.125000 2.500000 0.500000 -2.500000 2.500000 0.500000 -2.500000 3.125000 0.500000 
-2.500000 2.500000 0.500000 -3.125000 2.500000 0.500000 -3.125000 1.875000 0.500000 
-3.125000 1.875000 0.500000 -2.500000 1.875000 0.500000 -2.500000 2.500000 0.500000 
-2.500000 1.875000 0.500000 -3.125000 1.875000 0.500000 -3.125000 1.250000 0.500000 
-3.125000 1.250000 0.500000 -2.500000 1.250000 0.500000 -2.500000 1.875000 0.500000 
-2.500000 1.250000 0.500000 -3.125000 1.250000 0.500000 -3.125000 0.625000 0.500000 
-3.125000 0.625000 0.500000 -2.500000 0.625000 0.500000 -2.500000 1.250000 0.500000 
-2.500000 0.625000 0.500000 -3.125000 0.625000 0.500000 -3.125000 0.000000 0.500000 
-3.125000 0.000000 0.500000 -2.500000 0.000000 0.500000 -2.500000 0.625000 0.500000 
-2.500000 0.000000 0.500000 -3.125000 0.000000 0.500000 -3.125000 -0.625000 0.500000 
-3.125000 -0.625000 0.500000 -2.500000 -0.625000 0.500000 -2.500000 0.000000 0.500000 
-2.500000 -0.625000 0.500000 -3.125000 -0.625000 0.500000 -3.125000 -1.250000 0.500000 
-3.125000 -1.250000 0.500000 -2.500000 -1.250000 0.500000 -2.500000 -0.625000 0.500000 
-2.500000 -1.250000 0.500000 -3.125000 -1.250000 0.500000 -3.125000 -1.875000 0.500000 
-3.125000 -1.875000 0.500000 -2.500000 -1.875000 0.500000 -2.500000 -1.250000 0.500000 
-2.500000 -1.875000 0.500000 -3.125000 -1.875000 0.500000 -3.125000 -2.500000 0.500000 
-3.125000 -2.500000 0.500000 -2.500000 -2.500000 0.500000 -2.500000 -1.875000 0.500000 
-2.500000 -2.500000 0.500000 -3.125000 -2.500000 0.500000 -3.125000 -3.125000 0.500000 
-3.125000 -3.125000 0.500000 -2.500000 -3.125000 0.500000 -2.500000 -2.500000 0.500000 
-2.500000 -3.125000 0.500000 -3.125000 -3.125000 0.500000 -3.125000 -3.750000 0.500000 
-3.125000 -3.750000 0.500000 -2.500000 -3.750000 0.500000 -2.500000 -3.125000 0.500000 
-2.500000 -3.750000 0.500000 -3.125000 -3.750000 0.500000 -3.125000 -4.375000 0.500000 
-3.125000 -4.375000 0.500000 -2.500000 -4.375000 0.500000 -2.500000 -3.750000 0.500000 
-1.875000 5.000000 0.500000 -2.500000 5.000000 0.500000 -2.500000 4.375000 0.500000 
-2.500000 4.375000 0.500000 -1.875000 4.375000 0.500000 -1.875000 5.000000 0.500000 
-1.875000 4.375000 0.500000 -2.500000 4.375000 0.500000 -2.500000 3.750000 0.500000 
-2.500000 3.750000 0.500000 -1.875000 3.750000 0.500000 -1.875000 4.375000 0.500000 
-1.875000 3.750000 0.500000 -2.500000 3.750000 0.500000 -2.500000 3.125000 0.500000 
-2.500000 3.125000 0.500000 -1.875000 3.125000 0.500000 -1.875000 3.750000 0.500000 
-1.875000 3.125000 0.500000 -2.500000 3.125000 0.500000 -2.500000 2.500000 0.500000 
-2.500000 2.500000 0.500000 -1.875000 2.500000 0.500000 -1.875000 3.125000 0.500000 
-1.875000 2.500000 0.500000 -2.500000 2.500000 0.500000 -2.500000 1.875000 0.500000 
-2.500000 1.875000 0.500000 -1.875000 1.875000 0.500000 -1.875000 2.500000 0.500000 
-1.875000 1.875000 0.500000 -2.500000 1.875000 0.500000 -2.500000 1.250000 0.500000 
-2.500000 1.250000 0.500000 -1.875000 1.250000 0.500000 -1.875000 1.875000 0.500000 
-1.875000 1.250000 0.500000 -2.500000 1.250000 0.500000 -2.500000 0.625000 0.500000 
-2.500000 0.625000 0.500000 -1.875000 0.625000 0.500000 -1.875000 1.250000 0.500000 
-1.875000 0.625000 0.500000 -2.500000 0.625000 0.500000 -2.500000 0.000000 0.500000 
-2.500000 0.000000 0.500000 -1.875000 0.000000 0.500000 -1.875000 0.625000 0.500000 
-1.875000 0.000000 0.500000 -2.500000 0.000000 0.500000 -2.500000 -0.625000 0.500000 
-2.500000 -0.625000 0.500000 -1.875000 -0.625000 0.500000 -1.875000 0.000000 0.500000 
-1.875000 -0.625000 0.500000 -2.500000 -0.625000 0.500000 -2.500000 -1.250000 0.500000 
-2.500000 -1.250000 0.500000 -1.875000 -1.250000 0.500000 -1.875000 -0.625000 0.500000 
-1.875000 -1.250000 0.500000 -2.500000 -1.250000 0.500000 -2.500000 -1.875000 0.500000 
-2.500000 -1.875000 0.500000 -1.875000 -1.875000 0.500000 -1.875000 -1.250000 0.500000 
-1.875000 -1.875000 0.500000 -2.500000 -1.875000 0.500000 -2.500000 -2.500000 0.500000 
-2.500000 -2.500000 0.500000 -1.875000 -2.500000 0.500000 -1.875000 -1.875000 0.500000 
-1.875000 -2.500000 0.500000 -2.500000 -2.500000 0.500000 -2.500000 -3.125000 0.500000 
-2.500000 -3.125000 0.500000 -1.875000 -3.125000 0.500000 -1.875000 -2.500000 0.500000 
-1.875000 -3.125000 0.500000 -2.500000 -3.125000 0.500000 -2.500000 -3.750000 0.500000 
-2.500000 -3.750000 0.500000 -1.875000 -3.750000 0.500000 -1.875000 -3.125000 0.500000 
-1.875000 -3.750000 0.500000 -2.500000 -3.750000 0.500000 -2.500000 -4.375000 0.500000 
-2.500000 -4.375000 0.500000 -1.875000 -4.375000 0.500000 -1.875000 -3.750000 0.500000 
-1.250000 5.000000 0.500000 -1.875000 5.000000 0.500000 -1.875000 4.375000 0.500000 
-1.875000 4.375000 0.500000 -1.250000 4.375000 0.500000 -1.250000 5.000000 0.500000 
-1.250000 4.375000 0.500000 -1.875000 4.375000 0.500000 -1.875000 3.750000 0.500000 
-1.875000 3.750000 0.500000 -1.250000 3.750000 0.500000 -1.250000 4.375000 0.500000 
-1.250000 3.750000 0.500000 -1.875000 3.750000 0.500000 -1.875000 3.125000 0.500000 
-1.875000 3.125000 0.500000 -1.250000 3.125000 0.500000 -1.250000 3.750000 0.500000 
-1.250000 3.125000 0.500000 -1.875000 3.125000 0.500000 -1.875000 2.500000 0.500000 
-1.875000 2.500000 0.500000 -1.250000 2.500000 0.500000 -1.250000 3.125000 0.500000 
-1.250000 2.500000 0.500000 -1.875000 2.500000 0.500000 -1.875000 1.875000 0.500000 
-1.875000 1.875000 0.500000 -1.250000 1.875000 0.500000 -1.250000 2.500000 0.500000 
-1.250000 1.875000 0.500000 -1.875000 1.875000 0.500000 -1.875000 1.250000 0.500000 
-1.875000 1.250000 0.500000 -1.250000 1.250000 0.500000 -1.250000 1.875000 0.500000 
-1.250000 1.250000 0.500000 -1.875000 1.250000 0.500000 -1.875000 0.625000 0.500000 
-1.875000 0.625000 0.500000 -1.250000 0.625000 0.500000 -1.250000 1.250000 0.500000 
-1.250000 0.625000 0.500000 -1.875000 0.625000 0.500000 -1.875000 0.000000 0.500000 
-1.875000 0.000000 0.500000 -1.250000 0.000000 0.500000 -1.250000 0.625000 0.500000 
-1.250000 0.000000 0.500000 -1.875000 0.000000 0.500000 -1.875000 -0.625000 0.500000 
-1.875000 -0.625000 0.500000 -1.250000 -0.625000 0.500000 -1.250000 0.000000 0.500000 
-1.250000 -0.625000 0.500000 -1.875000 -0.625000 0.500000 -1.875000 -1.250000 0.500000 
-1.875000 -1.250000 0.500000 -1.250000 -1.250000 0.500000 -1.250000 -0.625000 0.500000 
-1.250000 -1.250000 0.500000 -1.875000 -1.250000 0.500000 -1.875000 -1.875000 0.500000 
-1.875000 -1.875000 0.500000 -1.250000 -1.875000 0.500000 -1.250000 -1.250000 0.500000 
-1.250000 -1.875000 0.500000 -1.875000 -1.875000 0.500000 -1.875000 -2.500000 0.500000 
-1.875000 -2.500000 0.500000 -1.250000 -2.500000 0.500000 -1.250000 -1.875000 0.500000 
-1.250000 -2.500000 0.500000 -1.875000 -2.500000 0.500000 -1.875000 -3.125000 0.500000 
-1.875000 -3.125000 0.500000 -1.250000 -3.125000 0.500000 -1.250000 -2.500000 0.500000 
-1.250000 -3.125000 0.500000 -1.875000 -3.125000 0.500000 -1.875000 -3.750000 0.500000 
-1.875000 -3.750000 0.500000 -1.250000 -3.750000 0.500000 -1.250000 -3.125000 0.500000 
-1.250000 -3.750000 0.500000 -1.875000 -3.750000 0.500000 -1.875000 -4.375000 0.500000 
-1.875000 -4.375000 0.500000 -1.250000 -4.375000 0.500000 -1.250000 -3.750000 0.500000 
-0.625000 5.000000 0.500000 -1.250000 5.000000 0.500000 -1.250000 4.375000 0.500000 
-1.250000 4.375000 0.500000 -0.625000 4.375000 0.500000 -0.625000 5.000000 0.500000 
-0.625000 4.375000 0.500000 -1.250000 4.375000 0.500000 -1.250000 3.750000 0.500000 
-1.250000 3.750000 0.500000 -0.625000 3.750000 0.500000 -0.625000 4.375000 0.500000 
-0.625000 3.750000 0.500000 -1.250000 3.750000 0.500000 -1.250000 3.125000 0.500000 
-1.250000 3.125000 0.500000 -0.625000 3.125000 0.500000 -0.625000 3.750000 0.500000 
-0.625000 3.125000 0.500000 -1.250000 3.125000 0.500000 -1.250000 2.500000 0.500000 
-1.250000 2.500000 0.500000 -0.625000 2.500000 0.500000 -0.625000 3.125000 0.500000 
-0.625000 2.500000 0.500000 -1.250000 2.500000 0.500000 -1.250000 1.875000 0.500000 
-1.250000 1.875000 0.500000 -0.625000 1.875000 0.500000 -0.625000 2.500000 0.500000 
-0.625000 1.875000 0.500000 -1.250000 1.875000 0.500000 -1.250000 1.250000 0.500000 
-1.250000 1.250000 0.500000 -0.625000 1.250000 0.500000 -0.625000 1.875000 0.500000 
-0.625000 1.250000 0.500000 -1.250000 1.250000 0.500000 -1.250000 0.625000 0.500000 
-1.250000 0.625000 0.500000 -0.625000 0.625000 0.500000 -0.625000 1.250000 0.500000 
-0.625000 0.625000 0.500000 -1.250000 0.625000 0.500000 -1.250000 0.000000 0.500000 
-1.250000 0.000000 0.500000 -0.625000 0.000000 0.500000 -0.625000 0.625000 0.500000 
-0.625000 0.000000 0.500000 -1.250000 0.000000 0.500000 -1.250000 -0.625000 0.500000 
-1.250000 -0.625000 0.500000 -0.625000 -0.625000 0.500000 -0.625000 0.000000 0.500000 
-0.625000 -0.625000 0.500000 -1.250000 -0.625000 0.500000 -1.250000 -1.250000 0.500000 
-1.250000 -1.250000 0.500000 -0.625000 -1.250000 0.500000 -0.625000 -0.625000 0.500000 
-0.625000 -1.250000 0.500000 -1.250000 -1.250000 0.500000 -1.250000 -1.875000 0.500000 
-1.250000 -1.875000 0.500000 -0.625000 -1.875000 0.500000 -0.625000 -1.250000 0.500000 
-0.625000 -1.875000 0.500000 -1.250000 -1.875000 0.500000 -1.250000 -2.500000 0.500000 
-1.250000 -2.500000 0.500000 -0.625000 -2.500000 0.500000 -0.625000 -1.875000 0.500000 
-0.625000 -2.500000 0.500000 -1.250000 -2.500000 0.500000 -1.250000 -3.125000 0.500000 
-1.250000 -3.125000 0.500000 -0.625000 -3.125000 0.500000 -0.625000 -2.500000 0.500000 
-0.625000 -3.125000 0.500000 -1.250000 -3.125000 0.500000 -1.250000 -3.750000 0.500000 
-1.250000 -3.750000 0.500000 -0.625000 -3.750000 0.500000 -0.625000 -3.125000 0.500000 
-0.625000 -3.750000 0.500000 -1.250000 -3.750000 0.500000 -1.250000 -4.375000 0.500000 
-1.250000 -4.375000 0.500000 -0.625000 -4.375000 0.500000 -0.625000 -3.750000 0.500000 
0.000000 5.000000 0.500000 -0.625000 5.000000 0.500000 -0.625000 4.375000 0.500000 
-0.625000 4.375000 0.500000 0.000000 4.375000 0.500000 0.000000 5.000000 0.500000 
0.000000 4.375000 0.500000 -0.625000 4.375000 0.500000 -0.625000 3.750000 0.500000 
-0.625000 3.750000 0.500000 0.000000 3.750000 0.500000 0.000000 4.375000 0.500000 
0.000000 3.750000 0.500000 -0.625000 3.750000 0.500000 -0.625000 3.125000 0.500000 
-0.625000 3.125000 0.500000 0.000000 3.125000 0.500000 0.000000 3.750000 0.500000 
0.000000 3.125000 0.500000 -0.625000 3.125000 0.500000 -0.625000 2.500000 0.500000 
-0.625000 2.500000 0.500000 0.000000 2.500000 0.500000 0.000000 3.125000 0.500000 
0.000000 2.500000 0.500000 -0.625000 2.500000 0.500000 -0.625000 1.875000 0.500000 
-0.625000 1.875000 0.500000 0.000000 1.875000 0.500000 0.000000 2.500000 0.500000 
0.000000 1.875000 0.500000 -0.625000 1.875000 0.500000 -0.625000 1.250000 0.500000 
-0.625000 1.250000 0.500000 0.000000 1.250000 0.500000 0.000000 1.875000 0.500000 
0.000000 1.250000 0.500000 -0.625000 1.250000 0.500000 -0.625000 0.625000 0.500000 
-0.625000 0.625000 0.500000 0.000000 0.625000 0.500000 0.000000 1.250000 0.500000 
0.000000 0.625000 0.500000 -0.625000 0.625000 0.500000 -0.625000 0.000000 0.500000 
-0.625000 0.000000 0.500000 0.000000 0.000000 0.500000 0.000000 0.625000 0.500000 
0.000000 0.000000 0.500000 -0.625000 0.000000 0.500000 -0.625000 -0.625000 0.500000 
-0.625000 -0.625000 0.500000 0.000000 -0.625000 0.500000 0.000000 0.000000 0.500000 
0.000000 -0.625000 0.500000 -0.625000 -0.625000 0.500000 -0.625000 -1.250000 0.500000 
-0.625000 -1.250000 0.500000 0.000000 -1.250000 0.500000 0.000000 -0.625000 0.500000 
0.000000 -1.250000 0.500000 -0.625000 -1.250000 0.500000 -0.625000 -1.875000 0.500000 
-0.625000 -1.875000 0.500000 0.000000 -1.875000 0.500000 0.000000 -1.250000 0.500000 
0.000000 -1.875000 0.500000 -0.625000 -1.875000 0.500000 -0.625000 -2.500000 0.500000 
-0.625000 -2.500000 0.500000 0.000000 -2.500000 0.500000 0.000000 -1.875000 0.500000 
0.000000 -2.500000 0.500000 -0.625000 -2.500000 0.500000 -0.625000 -3.125000 0.500000 
-0.625000 -3.125000 0.500000 0.000000 -3.125000 0.500000 0.000000 -2.500000 0.500000 
0.000000 -3.125000 0.500000 -0.625000 -3.125000 0.500000 -0.625000 -3.750000 0.500000 
-0.625000 -3.750000 0.500000 0.000000 -3.750000 0.500000 0.000000 -3.125000 0.500000 
0.000000 -3.750000 0.500000 -0.625000 -3.750000 0.500000 -0.625000 -4.375000 0.500000 
-0.625000 -4.375000 0.500000 0.000000 -4.375000 0.500000 0.000000 -3.750000 0.500000 
0.625000 5.000000 0.500000 0.000000 5.000000 0.500000 0.000000 4.375000 0.500000 
0.000000 4.375000 0.500000 0.625000 4.375000 0.500000 0.625000 5.000000 0.500000 
0.625000 4.375000 0.500000 0.000000 4.375000 0.500000 0.000000 3.750000 0.500000 
0.000000 3.750000 0.500000 0.625000 3.750000 0.500000 0.625000 4.375000 0.500000 
0.625000 3.750000 0.500000 0.000000 3.750000 0.500000 0.000000 3.125000 0.500000 
0.000000 3.125000 0.500000 0.625000 3.125000 0.500000 0.625000 3.750000 0.500000 
0.625000 3.125000 0.500000 0.000000 3.125000 0.500000 0.000000 2.500000 0.500000 
0.000000 2.500000 0.500000 0.625000 2.500000 0.500000 0.625000 3.125000 0.500000 
0.625000 2.500000 0.500000 0.000000 2.500000 0.500000 0.000000 1.875000 0.500000 
0.000000 1.875000 0.500000 0.625000 1.875000 0.500000 0.625000 2.500000 0.500000 
0.625000 1.875000 0.500000 0.000000 1.875000 0.500000 0.000000 1.250000 0.500000 
0.000000 1.250000 0.500000 0.625000 1.250000 0.500000 0.625000 1.875000 0.500000 
0.625000 1.250000 0.500000 0.000000 1.250000 0.500000 0.000000 0.625000 0.500000 
0.000000 0.625000 0.500000 0.625000 0.625000 0.500000 0.625000 1.250000 0.500000 
0.625000 0.625000 0.500000 0.000000 0.625000 0.500000 0.000000 0.000000 0.500000 
0.000000 0.000000 0.500000 0.625000 0.000000 0.500000 0.625000 0.625000 0.500000 
0.625000 0.000000 0.500000 0.000000 0.000000 0.500000 0.000000 -0.625000 0.500000 
0.000000 -0.625000 0.500000 0.625000 -0.625000 0.500000 0.625000 0.000000 0.500000 
0.625000 -0.625000 0.500000 0.000000 -0.625000 0.500000 0.000000 -1.250000 0.500000 
0.000000 -1.250000 0.500000 0.625000 -1.250000 0.500000 0.625000 -0.625000 0.500000 
0.625000 -1.250000 0.500000 0.000000 -1.250000 0.500000 0.000000 -1.875000 0.500000 
0.000000 -1.875000 0.500000 0.625000 -1.875000 0.500000 0.625000 -1.250000 0.500000 
0.625000 -1.875000 0.500000 0.000000 -1.875000 0.500000 0.000000 -2.500000 0.500000 
0.000000 -2.500000 0.500000 0.625000 -2.500000 0.500000 0.625000 -1.875000 0.500000 
0.625000 -2.500000 0.500000 0.000000 -2.500000 0.500000 0.000000 -3.125000 0.500000 
0.000000 -3.125000 0.500000 0.625000 -3.125000 0.500000 0.625000 -2.500000 0.500000 
0.625000 -3.125000 0.500000 0.000000 -3.125000 0.500000 0.000000 -3.750000 0.500000 
0.000000 -3.750000 0.500000 0.625000 -3.750000 0.500000 0.625000 -3.125000 0.500000 
0.625000 -3.750000 0.500000 0.000000 -3.750000 0.500000 0.000000 -4.375000 0.500000 
0.000000 -4.375000 0.500000 0.625000 -4.375000 0.500000 0.625000 -3.750000 0.500000 
1.250000 5.000000 0.500000 0.625000 5.000000 0.500000 0.625000 4.375000 0.500000 
0.625000 4.375000 0.500000 1.250000 4.375000 0.500000 1.250000 5.000000 0.500000 
1.250000 4.375000 0.500000 0.625000 4.375000 0.500000 0.625000 3.750000 0.500000 
0.625000 3.750000 0.500000 1.250000 3.750000 0.500000 1.250000 4.375000 0.500000 
1.250000 3.750000 0.500000 0.625000 3.750000 0.500000 0.625000 3.125000 0.500000 
0.625000 3.125000 0.500000 1.250000 3.125000 0.500000 1.250000 3.750000 0.500000 
1.250000 3.125000 0.500000 0.625000 3.125000 0.500000 0.625000 2.500000 0.500000 
0.625000 2.500000 0.500000 1.250000 2.500000 0.500000 1.250000 3.125000 0.500000 
1.250000 2.500000 0.500000 0.625000 2.500000 0.500000 0.625000 1.875000 0.500000 
0.625000 1.875000 0.500000 1.250000 1.875000 0.500000 1.250000 2.500000 0.500000 
1.250000 1.875000 0.500000 0.625000 1.875000 0.500000 0.625000 1.250000 0.500000 
0.625000 1.250000 0.500000 1.250000 1.250000 0.500000 1.250000 1.875000 0.500000 
1.250000 1.250000 0.500000 0.625000 1.250000 0.500000 0.625000 0.625000 0.500000 
0.625000 0.625000 0.500000 1.250000 0.625000 0.500000 1.250000 1.250000 0.500000 
1.250000 0.625000 0.500000 0.625000 0.625000 0.500000 0.625000 0.000000 0.500000 
0.625000 0.000000 0.500000 1.250000 0.000000 0.500000 1.250000 0.625000 0.500000 
1.250000 0.000000 0.500000 0.625000 0.000000 0.500000 0.625000 -0.625000 0.500000 
0.625000 -0.625000 0.500000 1.250000 -0.625000 0.500000 1.250000 0.000000 0.500000 
1.250000 -0.625000 0.500000 0.625000 -0.625000 0.500000 0.625000 -1.250000 0.500000 
0.625000 -1.250000 0.500000 1.250000 -1.250000 0.500000 1.250000 -0.625000 0.500000 
1.250000 -1.250000 0.500000 0.625000 -1.250000 0.500000 0.625000 -1.875000 0.500000 
0.625000 -1.875000 0.500000 1.250000 -1.875000 0.500000 1.250000 -1.250000 0.500000 
1.250000 -1.875000 0.500000 0.625000 -1.875000 0.500000 0.625000 -2.500000 0.500000 
0.625000 -2.500000 0.500000 1.250000 -2.500000 0.500000 1.250000 -1.875000 0.500000 
1.250000 -2.500000 0.500000 0.625000 -2.500000 0.500000 0.625000 -3.125000 0.500000 
0.625000 -3.125000 0.500000 1.250000 -3.125000 0.500000 1.250000 -2.500000 0.500000 
1.250000 -3.125000 0.500000 0.625000 -3.125000 0.500000 0.625000 -3.750000 0.500000 
0.625000 -3.750000 0.500000 1.250000 -3.750000 0.500000 1.250000 -3.125000 0.500000 
1.250000 -3.750000 0.500000 0.625000 -3.750000 0.500000 0.625000 -4.375000 0.500000 
0.625000 -4.375000 0.500000 1.250000 -4.375000 0.500000 1.250000 -3.750000 0.500000 
1.875000 5.000000 0.500000 1.250000 5.000000 0.500000 1.250000 4.375000 0.500000 
1.250000 4.375000 0.500000 1.875000 4.375000 0.500000 1.875000 5.000000 0.500000 
1.875000 4.375000 0.500000 1.250000 4.375000 0.500000 1.250000 3.750000 0.500000 
1.250000 3.750000 0.500000 1.875000 3.750000 0.500000 1.875000 4.375000 0.500000 
1.875000 3.750000 0.500000 1.250000 3.750000 0.500000 1.250000 3.125000 0.500000 
1.250000 3.125000 0.500000 1.875000 3.125000 0.500000 1.875000 3.750000 0.500000 
1.875000 3.125000 0.500000 1.250000 3.125000 0.500000 1.250000 2.500000 0.500000 
1.250000 2.500000 0.500000 1.875000 2.500000 0.500000 1.875000 3.125000 0.500000 
1.875000 2.500000 0.500000 1.250000 2.500000 0.500000 1.250000 1.875000 0.500000 
1.250000 1.875000 0.500000 1.875000 1.875000 0.500000 1.875000 2.500000 0.500000 
1.875000 1.875000 0.500000 1.250000 1.875000 0.500000 1.250000 1.250000 0.500000 
1.250000 1.250000 0.500000 1.875000 1.250000 0.500000 1.875000 1.875000 0.500000 
1.875000 1.250000 0.500000 1.250000 1.250000 0.500000 1.250000 0.625000 0.500000 
1.250000 0.625000 0.500000 1.875000 0.625000 0.500000 1.875000 1.250000 0.500000 
1.875000 0.625000 0.500000 1.250000 0.625000 0.500000 1.250000 0.000000 0.500000 
1.250000 0.000000 0.500000 1.875000 0.000000 0.500000 1.875000 0.625000 0.500000 
1.875000 0.000000 0.500000 1.250000 0.000000 0.500000 1.250000 -0.625000 0.500000 
1.250000 -0.625000 0.500000 1.875000 -0.625000 0.500000 1.875000 0.000000 0.500000 
1.875000 -0.625000 0.500000 1.250000 -0.625000 0.500000 1.250000 -1.250000 0.500000 
1.250000 -1.250000 0.500000 1.875000 -1.250000 0.500000 1.875000 -0.625000 0.500000 
1.875000 -1.250000 0.500000 1.250000 -1.250000 0.500000 1.250000 -1.875000 0.500000 
1.250000 -1.875000 0.500000 1.875000 -1.875000 0.500000 1.875000 -1.250000 0.500000 
1.875000 -1.875000 0.500000 1.250000 -1.875000 0.500000 1.250000 -2.500000 0.500000 
1.250000 -2.500000 0.500000 1.875000 -2.500000 0.500000 1.875000 -1.875000 0.500000 
1.875000 -2.500000 0.500000 1.250000 -2.500000 0.500000 1.250000 -3.125000 0.500000 
1.250000 -3.125000 0.500000 1.875000 -3.125000 0.500000 1.875000 -2.500000 0.500000 
1.875000 -3.125000 0.500000 1.250000 -3.125000 0.500000 1.250000 -3.750000 0.500000 
1.250000 -3.750000 0.500000 1.875000 -3.750000 0.500000 1.875000 -3.125000 0.500000 
1.875000 -3.750000 0.500000 1.250000 -3.750000 0.500000 1.250000 -4.375000 0.500000 
1.250000 -4.375000 0.500000 1.875000 -4.375000 0.500000 1.875000 -3.750000 0.500000 
2.500000 5.000000 0.500000 1.875000 5.000000 0.500000 1.875000 4.375000 0.500000 
1.875000 4.375000 0.500000 2.500000 4.375000 0.500000 2.500000 5.000000 0.500000 
2.500000 4.375000 0.500000 1.875000 4.375000 0.500000 1.875000 3.750000 0.500000 
1.875000 3.750000 0.500000 2.500000 3.750000 0.500000 2.500000 4.375000 0.500000 
2.500000 3.750000 0.500000 1.875000 3.750000 0.500000 1.875000 3.125000 0.500000 
1.875000 3.125000 0.500000 2.500000 3.125000 0.500000 2.500000 3.750000 0.500000 
2.500000 3.125000 0.500000 1.875000 3.125000 0.500000 1.875000 2.500000 0.500000 
1.875000 2.500000 0.500000 2.500000 2.500000 0.500000 2.500000 3.125000 0.500000 
2.500000 2.500000 0.500000 1.875000 2.500000 0.500000 1.875000 1.875000 0.500000 
1.875000 1.875000 0.500000 2.500000 1.875000 0.500000 2.500000 2.500000 0.500000 
2.500000 1.875000 0.500000 1.875000 1.875000 0.500000 1.875000 1.250000 0.500000 
1.875000 1.250000 0.500000 2.500000 1.250000 0.500000 2.500000 1.875000 0.500000 
2.500000 1.250000 0.500000 1.875000 1.250000 0.500000 1.875000 0.625000 0.500000 
1.875000 0.625000 0.500000 2.500000 0.625000 0.500000 2.500000 1.250000 0.500000 
2.500000 0.625000 0.500000 1.875000 0.625000 0.500000 1.875000 0.000000 0.500000 
1.875000 0.000000 0.500000 2.500000 0.000000 0.500000 2.500000 0.625000 0.500000 
2.500000 0.000000 0.500000 1.875000 0.000000 0.500000 1.875000 -0.625000 0.500000 
1.875000 -0.625000 0.500000 2.500000 -0.625000 0.500000 2.500000 0.000000 0.500000 
2.500000 -0.625000 0.500000 1.875000 -0.625000 0.500000 1.875000 -1.250000 0.500000 
1.875000 -1.250000 0.500000 2.500000 -1.250000 0.500000 2.500000 -0.625000 0.500000 
2.500000 -1.250000 0.500000 1.875000 -1.250000 0.500000 1.875000 -1.875000 0.500000 
1.875000 -1.875000 0.500000 2.500000 -1.875000 0.500000 2.500000 -1.250000 0.500000 
2.500000 -1.875000 0.500000 1.875000 -1.875000 0.500000 1.875000 -2.500000 0.500000 
1.875000 -2.500000 0.500000 2.500000 -2.500000 0.500000 2.500000 -1.875000 0.500000 
2.500000 -2.500000 0.500000 1.875000 -2.500000 0.500000 1.875000 -3.125000 0.500000 
1.875000 -3.125000 0.500000 2.500000 -3.125000 0.500000 2.500000 -2.500000 0.500000 
2.500000 -3.125000 0.500000 1.875000 -3.125000 0.500000 1.875000 -3.750000 0.500000 
1.875000 -3.750000 0.500000 2.500000 -3.750000 0.500000 2.500000 -3.125000 0.500000 
2.500000 -3.750000 0.500000 1.875000 -3.750000 0.500000 1.875000 -4.375000 0.500000 
1.875000 -4.375000 0.500000 2.500000 -4.375000 0.500000 2.500000 -3.750000 0.500000 
3.125000 5.000000 0.500000 2.500000 5.000000 0.500000 2.500000 4.375000 0.500000 
2.500000 4.375000 0.500000 3.125000 4.375000 0.500000 3.125000 5.000000 0.500000 
3.125000 4.375000 0.500000 2.500000 4.375000 0.500000 2.500000 3.750000 0.500000 
2.500000 3.750000 0.500000 3.125000 3.750000 0.500000 3.125000 4.375000 0.500000 
3.125000 3.750000 0.500000 2.500000 3.750000 0.500000 2.500000 3.125000 0.500000 
2.500000 3.125000 0.500000 3.125000 3.125000 0.500000 3.125000 3.750000 0.500000 
3.125000 3.125000 0.500000 2.500000 3.125000 0.500000 2.500000 2.500000 0.500000 
2.500000 2.500000 0.500000 3.125000 2.500000 0.500000 3.125000 3.125000 0.500000 
3.125000 2.500000 0.500000 2.500000 2.500000 0.500000 2.500000 1.875000 0.500000 
2.500000 1.875000 0.500000 3.125000 1.875000 0.500000 3.125000 2.500000 0.500000 
3.125000 1.875000 0.500000 2.500000 1.875000 0.500000 2.500000 1.250000 0.500000 
2.500000 1.250000 0.500000 3.125000 1.250000 0.500000 3.125000 1.875000 0.500000 
3.125000 1.250000 0.500000 2.500000 1.250000 0.500000 2.500000 0.625000 0.500000 
2.500000 0.625000 0.500000 3.125000 0.625000 0.500000 3.125000 1.250000 0.500000 
3.125000 0.625000 0.500000 2.500000 0.625000 0.500000 2.500000 0.000000 0.500000 
2.500000 0.000000 0.500000 3.125000 0.000000 0.500000 3.125000 0.625000 0.500000 
3.125000 0.000000 0.500000 2.500000 0.000000 0.500000 2.500000 -0.625000 0.500000 
2.500000 -0.625000 0.500000 3.125000 -0.625000 0.500000 3.125000 0.000000 0.500000 
3.125000 -0.625000 0.500000 2.500000 -0.625000 0.500000 2.500000 -1.250000 0.500000 
2.500000 -1.250000 0.500000 3.125000 -1.250000 0.500000 3.125000 -0.625000 0.500000 
3.125000 -1.250000 0.500000 2.500000 -1.250000 0.500000 2.500000 -1.875000 0.500000 
2.500000 -1.875000 0.500000 3.125000 -1.875000 0.500000 3.125000 -1.250000 0.500000 
3.125000 -1.875000 0.500000 2.500000 -1.875000 0.500000 2.500000 -2.500000 0.500000 
2.500000 -2.500000 0.500000 3.125000 -2.500000 0.500000 3.125000 -1.875000 0.500000 
3.125000 -2.500000 0.500000 2.500000 -2.500000 0.500000 2.500000 -3.125000 0.500000 
2.500000 -3.125000 0.500000 3.125000 -3.125000 0.500000 3.125000 -2.500000 0.500000 
3.125000 -3.125000 0.500000 2.500000 -3.125000 0.500000 2.500000 -3.750000 0.500000 
2.500000 -3.750000 0.500000 3.125000 -3.750000 0.500000 3.125000 -3.125000 0.500000 
3.125000 -3.750000 0.500000 2.500000 -3.750000 0.500000 2.500000 -4.375000 0.500000 
2.500000 -4.375000 0.500000 3.125000 -4.375000 0.500000 3.125000 -3.750000 0.500000 
3.750000 5.000000 0.500000 3.125000 5.000000 0.500000 3.125000 4.375000 0.500000 
3.125000 4.375000 0.500000 3.750000 4.375000 0.500000 3.750000 5.000000 0.500000 
3.750000 4.375000 0.500000 3.125000 4.375000 0.500000 3.125000 3.750000 0.500000 
3.125000 3.750000 0.500000 3.750000 3.750000 0.500000 3.750000 4.375000 0.500000 
3.750000 3.750000 0.500000 3.125000 3.750000 0.500000 3.125000 3.125000 0.500000 
3.125000 3.125000 0.500000 3.750000 3.125000 0.500000 3.750000 3.750000 0.500000 
3.750000 3.125000 0.500000 3.125000 3.125000 0.500000 3.125000 2.500000 0.500000 
3.125000 2.500000 0.500000 3.750000 2.500000 0.500000 3.750000 3.125000 0.500000 
3.750000 2.500000 0.500000 3.125000 2.500000 0.500000 3.125000 1.875000 0.500000 
3.125000 1.875000 0.500000 3.750000 1.875000 0.500000 3.750000 2.500000 0.500000 
3.750000 1.875000 0.500000 3.125000 1.875000 0.500000 3.125000 1.250000 0.500000 
3.125000 1.250000 0.500000 3.750000 1.250000 0.500000 3.750000 1.875000 0.500000 
3.750000 1.250000 0.500000 3.125000 1.250000 0.500000 3.125000 0.625000 0.500000 
3.125000 0.625000 0.500000 3.750000 0.625000 0.500000 3.750000 1.250000 0.500000 
3.750000 0.625000 0.500000 3.125000 0.625000 0.500000 3.125000 0.000000 0.500000 
3.125000 0.000000 0.500000 3.750000 0.000000 0.500000 3.750000 0.625000 0.500000 
3.750000 0.000000 0.500000 3.125000 0.000000 0.500000 3.125000 -0.625000 0.500000 
3.125000 -0.625000 0.500000 3.750000 -0.625000 0.500000 3.750000 0.000000 0.500000 
3.750000 -0.625000 0.500000 3.125000 -0.625000 0.500000 3.125000 -1.250000 0.500000 
3.125000 -1.250000 0.500000 3.750000 -1.250000 0.500000 3.750000 -0.625000 0.500000 
3.750000 -1.250000 0.500000 3.125000 -1.250000 0.500000 3.125000 -1.875000 0.500000 
3.125000 -1.875000 0.500000 3.750000 -1.875000 0.500000 3.750000 -1.250000 0.500000 
3.750000 -1.875000 0.500000 3.125000 -1.875000 0.500000 3.125000 -2.500000 0.500000 
3.125000 -2.500000 0.500000 3.750000 -2.500000 0.500000 3.750000 -1.875000 0.500000 
3.750000 -2.500000 0.500000 3.125000 -2.500000 0.500000 3.125000 -3.125000 0.500000 
3.125000 -3.125000 0.500000 3.750000 -3.125000 0.500000 3.750000 -2.500000 0.500000 
3.750000 -3.125000 0.500000 3.125000 -3.125000 0.500000 3.125000 -3.750000 0.500000 
3.125000 -3.750000 0.500000 3.750000 -3.750000 0.500000 3.750000 -3.125000 0.500000 
3.750000 -3.750000 0.500000 3.125000 -3.750000 0.500000 3.125000 -4.375000 0.500000 
3.125000 -4.375000 0.500000 3.750000 -4.375000 0.500000 3.750000 -3.750000 0.500000 
4.375000 5.000000 0.500000 3.750000 5.000000 0.500000 3.750000 4.375000 0.500000 
3.750000 4.375000 0.500000 4.375000 4.375000 0.500000 4.375000 5.000000 0.500000 
4.375000 4.375000 0.500000 3.750000 4.375000 0.500000 3.750000 3.750000 0.500000 
3.750000 3.750000 0.500000 4.375000 3.750000 0.500000 4.375000 4.375000 0.500000 
4.375000 3.750000 0.500000 3.750000 3.750000 0.500000 3.750000 3.125000 0.500000 
3.750000 3.125000 0.500000 4.375000 3.125000 0.500000 4.375000 3.750000 0.500000 
4.375000 3.125000 0.500000 3.750000 3.125000 0.500000 3.750000 2.500000 0.500000 
3.750000 2.500000 0.500000 4.375000 2.500000 0.500000 4.375000 3.125000 0.500000 
4.375000 2.500000 0.500000 3.750000 2.500000 0.500000 3.750000 1.875000 0.500000 
3.750000 1.875000 0.500000 4.375000 1.875000 0.500000 4.375000 2.500000 0.500000 
4.375000 1.875000 0.500000 3.750000 1.875000 0.500000 3.750000 1.250000 0.500000 
3.750000 1.250000 0.500000 4.375000 1.250000 0.500000 4.375000 1.875000 0.500000 
4.375000 1.250000 0.500000 3.750000 1.250000 0.500000 3.750000 0.625000 0.500000 
3.750000 0.625000 0.500000 4.375000 0.625000 0.500000 4.375000 1.250000 0.500000 
4.375000 0.625000 0.500000 3.750000 0.625000 0.500000 3.750000 0.000000 0.500000 
3.750000 0.000000 0.500000 4.375000 0.000000 0.500000 4.375000 0.625000 0.500000 
4.375000 0.000000 0.500000 3.750000 0.000000 0.500000 3.750000 -0.625000 0.500000 
3.750000 -0.625000 0.500000 4.375000 -0.625000 0.500000 4.375000 0.000000 0.500000 
4.375000 -0.625000 0.500000 3.750000 -0.625000 0.500000 3.750000 -1.250000 0.500000 
3.750000 -1.250000 0.500000 4.375000 -1.250000 0.500000 4.375000 -0.625000 0.500000 
4.375000 -1.250000 0.500000 3.750000 -1.250000 0.500000 3.750000 -1.875000 0.500000 
3.750000 -1.875000 0.500000 4.375000 -1.875000 0.500000 4.375000 -1.250000 0.500000 
4.375000 -1.875000 0.500000 3.750000 -1.875000 0.500000 3.750000 -2.500000 0.500000 
3.750000 -2.500000 0.500000 4.375000 -2.500000 0.500000 4.375000 -1.875000 0.500000 
4.375000 -2.500000 0.500000 3.750000 -2.500000 0.500000 3.750000 -3.125000 0.500000 
3.750000 -3.125000 0.500000 4.375000 -3.125000 0.500000 4.375000 -2.500000 0.500000 
4.375000 -3.125000 0.500000 3.750000 -3.125000 0.500000 3.750000 -3.750000 0.500000 
3.750000 -3.750000 0.500000 4.375000 -3.750000 0.500000 4.375000 -3.125000 0.500000 
4.375000 -3.750000 0.500000 3.750000 -3.750000 0.500000 3.750000 -4.375000 0.500000 
3.750000 -4.375000 0.500000 4.375000 -4.375000 0.500000 4.375000 -3.750000 0.500000 
5.000000 5.000000 0.500000 4.375000 5.000000 0.500000 4.375000 4.375000 0.500000 
4.375000 4.375000 0.500000 5.000000 4.375000 0.500000 5.000000 5.000000 0.500000 
5.000000 4.375000 0.500000 4.375000 4.375000 0.500000 4.375000 3.750000 0.500000 
4.375000 3.750000 0.500000 5.000000 3.750000 0.500000 5.000000 4.375000 0.500000 
5.000000 3.750000 0.500000 4.375000 3.750000 0.500000 4.375000 3.125000 0.500000 
4.375000 3.125000 0.500000 5.000000 3.125000 0.500000 5.000000 3.750000 0.500000 
5.000000 3.125000 0.500000 4.375000 3.125000 0.500000 4.375000 2.500000 0.500000 
4.375000 2.500000 0.500000 5.000000 2.500000 0.500000 5.000000 3.125000 0.500000 
5.000000 2.500000 0.500000 4.375000 2.500000 0.500000 4.375000 1.875000 0.500000 
4.375000 1.875000 0.500000 5.000000 1.875000 0.500000 5.000000 2.500000 0.500000 
5.000000 1.875000 0.500000 4.375000 1.875000 0.500000 4.375000 1.250000 0.500000 
4.375000 1.250000 0.500000 5.000000 1.250000 0.500000 5.000000 1.875000 0.500000 
5.000000 1.250000 0.500000 4.375000 1.250000 0.500000 4.375000 0.625000 0.500000 
4.375000 0.625000 0.500000 5.000000 0.625000 0.500000 5.000000 1.250000 0.500000 
5.000000 0.625000 0.500000 4.375000 0.625000 0.500000 4.375000 0.000000 0.500000 
4.375000 0.000000 0.500000 5.000000 0.000000 0.500000 5.000000 0.625000 0.500000 
5.000000 0.000000 0.500000 4.375000 0.000000 0.500000 4.375000 -0.625000 0.500000 
4.375000 -0.625000 0.500000 5.000000 -0.625000 0.500000 5.000000 0.000000 0.500000 
5.000000 -0.625000 0.500000 4.375000 -0.625000 0.500000 4.375000 -1.250000 0.500000 
4.375000 -1.250000 0.500000 5.000000 -1.250000 0.500000 5.000000 -0.625000 0.500000 
5.000000 -1.250000 0.500000 4.375000 -1.250000 0.500000 4.375000 -1.875000 0.500000 
4.375000 -1.875000 0.500000 5.000000 -1.875000 0.500000 5.000000 -1.250000 0.500000 
5.000000 -1.875000 0.500000 4.375000 -1.875000 0.500000 4.375000 -2.500000 0.500000 
4.375000 -2.500000 0.500000 5.000000 -2.500000 0.500000 5.000000 -1.875000 0.500000 
5.000000 -2.500000 0.500000 4.375000 -2.500000 0.500000 4.375000 -3.125000 0.500000 
4.375000 -3.125000 0.500000 5.000000 -3.125000 0.500000 5.000000 -2.500000 0.500000 
5.000000 -3.125000 0.500000 4.375000 -3.125000 0.500000 4.375000 -3.750000 0.500000 
4.375000 -3.750000 0.500000 5.000000 -3.750000 0.500000 5.000000 -3.125000 0.500000 
5.000000 -3.750000 0.500000 4.375000 -3.750000 0.500000 4.375000 -4.375000 0.500000 
4.375000 -4.375000 0.500000 5.000000 -4.375000 0.500000 5.000000 -3.750000 0.500000 
-4.375000 5.000000 0.500000 -5.000000 5.000000 0.500000 -5.000000 4.375000 0.500000 
-5.000000 4.375000 0.500000 -4.375000 4.375000 0.500000 -4.375000 5.000000 0.500000 
-4.375000 4.375000 0.500000 -5.000000 4.375000 0.500000 -5.000000 3.750000 0.500000 
-5.000000 3.750000 0.500000 -4.375000 3.750000 0.500000 -4.375000 4.375000 0.500000 
-4.375000 3.750000 0.500000 -5.000000 3.750000 0.500000 -5.000000 3.125000 0.500000 
-5.000000 3.125000 0.500000 -4.375000 3.125000 0.500000 -4.375000 3.750000 0.500000 
-4.375000 3.125000 0.500000 -5.000000 3.125000 0.500000 -5.000000 2.500000 0.500000 
-5.000000 2.500000 0.500000 -4.375000 2.500000 0.500000 -4.375000 3.125000 0.500000 
-4.375000 2.500000 0.500000 -5.000000 2.500000 0.500000 -5.000000 1.875000 0.500000 
-5.000000 1.875000 0.500000 -4.375000 1.875000 0.500000 -4.375000 2.500000 0.500000 
-4.375000 1.875000 0.500000 -5.000000 1.875000 0.500000 -5.000000 1.250000 0.500000 
-5.000000 1.250000 0.500000 -4.375000 1.250000 0.500000 -4.375000 1.875000 0.500000 
-4.375000 1.250000 0.500000 -5.000000 1.250000 0.500000 -5.000000 0.625000 0.500000 
-5.000000 0.625000 0.500000 -4.375000 0.625000 0.500000 -4.375000 1.250000 0.500000 
-4.375000 0.625000 0.500000 -5.000000 0.625000 0.500000 -5.000000 0.000000 0.500000 
-5.000000 0.000000 0.500000 -4.375000 0.000000 0.500000 -4.375000 0.625000 0.500000 
-4.375000 0.000000 0.500000 -5.000000 0.000000 0.500000 -5.000000 -0.625000 0.500000 
-5.000000 -0.625000 0.500000 -4.375000 -0.625000 0.500000 -4.375000 0.000000 0.500000 
-4.375000 -0.625000 0.500000 -5.000000 -0.625000 0.500000 -5.000000 -1.250000 0.500000 
-5.000000 -1.250000 0.500000 -4.375000 -1.250000 0.500000 -4.375000 -0.625000 0.500000 
-4.375000 -1.250000 0.500000 -5.000000 -1.250000 0.500000 -5.000000 -1.875000 0.500000 
-5.000000 -1.875000 0.500000 -4.375000 -1.875000 0.500000 -4.375000 -1.250000 0.500000 
-4.375000 -1.875000 0.500000 -5.000000 -1.875000 0.500000 -5.000000 -2.500000 0.500000 
-5.000000 -2.500000 0.500000 -4.375000 -2.500000 0.500000 -4.375000 -1.875000 0.500000 
-4.375000 -2.500000 0.500000 -5.000000 -2.500000 0.500000 -5.000000 -3.125000 0.500000 
-5.000000 -3.125000 0.500000 -4.375000 -3.125000 0.500000 -4.375000 -2.500000 0.500000 
-4.375000 -3.125000 0.500000 -5.000000 -3.125000 0.500000 -5.000000 -3.750000 0.500000 
-5.000000 -3.750000 0.500000 -4.375000 -3.750000 0.500000 -4.375000 -3.125000 0.500000 
-4.375000 -3.750000 0.500000 -5.000000 -3.750000 0.500000 -5.000000 -4.375000 0.500000 
-5.000000 -4.375000 0.500000 -4.375000 -4.375000 0.500000 -4.375000 -3.750000 0.500000 
4.375000 5.000000 -0.500000 5.000000 5.000000 -0.500000 5.000000 4.375000 -0.500000 
5.000000 4.375000 -0.500000 4.375000 4.375000 -0.500000 4.375000 5.000000 -0.500000 
4.375000 4.375000 -0.500000 5.000000 4.375000 -0.500000 5.000000 3.750000 -0.500000 
5.000000 3.750000 -0.500000 4.375000 3.750000 -0.500000 4.375000 4.375000 -0.500000 
4.375000 3.750000 -0.500000 5.000000 3.750000 -0.500000 5.000000 3.125000 -0.500000 
5.000000 3.125000 -0.500000 4.375000 3.125000 -0.500000 4.375000 3.750000 -0.500000 
4.375000 3.125000 -0.500000 5.000000 3.125000 -0.500000 5.000000 2.500000 -0.500000 
5.000000 2.500000 -0.500000 4.375000 2.500000 -0.500000 4.375000 3.125000 -0.500000 
4.375000 2.500000 -0.500000 5.000000 2.500000 -0.500000 5.000000 1.875000 -0.500000 
5.000000 1.875000 -0.500000 4.375000 1.875000 -0.500000 4.375000 2.500000 -0.500000 
4.375000 1.875000 -0.500000 5.000000 1.875000 -0.500000 5.000000 1.250000 -0.500000 
5.000000 1.250000 -0.500000 4.375000 1.250000 -0.500000 4.375000 1.875000 -0.500000 
4.375000 1.250000 -0.500000 5.000000 1.250000 -0.500000 5.000000 0.625000 -0.500000 
5.000000 0.625000 -0.500000 4.375000 0.625000 -0.500000 4.375000 1.250000 -0.500000 
4.375000 0.625000 -0.500000 5.000000 0.625000 -0.500000 5.000000 0.000000 -0.500000 
5.000000 0.000000 -0.500000 4.375000 0.000000 -0.500000 4.375000 0.625000 -0.500000 
4.375000 0.000000 -0.500000 5.000000 0.000000 -0.500000 5.000000 -0.625000 -0.500000 
5.000000 -0.625000 -0.500000 4.375000 -0.625000 -0.500000 4.375000 0.000000 -0.500000 
4.375000 -0.625000 -0.500000 5.000000 -0.625000 -0.500000 5.000000 -1.250000 -0.500000 
5.000000 -1.250000 -0.500000 4.375000 -1.250000 -0.500000 4.375000 -0.625000 -0.500000 
4.375000 -1.250000 -0.500000 5.000000 -1.250000 -0.500000 5.000000 -1.875000 -0.500000 
5.000000 -1.875000 -0.500000 4.375000 -1.875000 -0.500000 4.375000 -1.250000 -0.500000 
4.375000 -1.875000 -0.500000 5.000000 -1.875000 -0.500000 5.000000 -2.500000 -0.500000 
5.000000 -2.500000 -0.500000 4.375000 -2.500000 -0.500000 4.375000 -1.875000 -0.500000 
4.375000 -2.500000 -0.500000 5.000000 -2.500000 -0.500000 5.000000 -3.125000 -0.500000 
5.000000 -3.125000 -0.500000 4.375000 -3.125000 -0.500000 4.375000 -2.500000 -0.500000 
4.375000 -3.125000 -0.500000 5.000000 -3.125000 -0.500000 5.000000 -3.750000 -0.500000 
5.000000 -3.750000 -0.500000 4.375000 -3.750000 -0.500000 4.375000 -3.125000 -0.500000 
4.375000 -3.750000 -0.500000 5.000000 -3.750000 -0.500000 5.000000 -4.375000 -0.500000 
5.000000 -4.375000 -0.500000 4.375000 -4.375000 -0.500000 4.375000 -3.750000 -0.500000 
5.000000 5.000000 -0.500000 5.000000 5.000000 0.500000 5.000000 4.375000 0.500000 
5.000000 4.375000 0.500000 5.000000 4.375000 -0.500000 5.000000 5.000000 -0.500000 
5.000000 4.375000 -0.500000 5.000000 4.375000 0.500000 5.000000 3.750000 0.500000 
5.000000 3.750000 0.500000 5.000000 3.750000 -0.500000 5.000000 4.375000 -0.500000 
5.000000 3.750000 -0.500000 5.000000 3.750000 0.500000 5.000000 3.125000 0.500000 
5.000000 3.125000 0.500000 5.000000 3.125000 -0.500000 5.000000 3.750000 -0.500000 
5.000000 3.125000 -0.500000 5.000000 3.125000 0.500000 5.000000 2.500000 0.500000 
5.000000 2.500000 0.500000 5.000000 2.500000 -0.500000 5.000000 3.125000 -0.500000 
5.000000 2.500000 -0.500000 5.000000 2.500000 0.500000 5.000000 1.875000 0.500000 
5.000000 1.875000 0.500000 5.000000 1.875000 -0.500000 5.000000 2.500000 -0.500000 
5.000000 1.875000 -0.500000 5.000000 1.875000 0.500000 5.000000 1.250000 0.500000 
5.000000 1.250000 0.500000 5.000000 1.250000 -0.500000 5.000000 1.875000 -0.500000 
5.000000 1.250000 -0.500000 5.000000 1.250000 0.500000 5.000000 0.625000 0.500000 
5.000000 0.625000 0.500000 5.000000 0.625000 -0.500000 5.000000 1.250000 -0.500000 
5.000000 0.625000 -0.500000 5.000000 0.625000 0.500000 5.000000 0.000000 0.500000 
5.000000 0.000000 0.500000 5.000000 0.000000 -0.500000 5.000000 0.625000 -0.500000 
5.000000 0.000000 -0.500000 5.000000 0.000000 0.500000 5.000000 -0.625000 0.500000 
5.000000 -0.625000 0.500000 5.000000 -0.625000 -0.500000 5.000000 0.000000 -0.500000 
5.000000 -0.625000 -0.500000 5.000000 -0.625000 0.500000 5.000000 -1.250000 0.500000 
5.000000 -1.250000 0.500000 5.000000 -1.250000 -0.500000 5.000000 -0.625000 -0.500000 
5.000000 -1.250000 -0.500000 5.000000 -1.250000 0.500000 5.000000 -1.875000 0.500000 
5.000000 -1.875000 0.500000 5.000000 -1.875000 -0.500000 5.000000 -1.250000 -0.500000 
5.000000 -1.875000 -0.500000 5.000000 -1.875000 0.500000 5.000000 -2.500000 0.500000 
5.000000 -2.500000 0.500000 5.000000 -2.500000 -0.500000 5.000000 -1.875000 -0.500000 
5.000000 -2.500000 -0.500000 5.000000 -2.500000 0.500000 5.000000 -3.125000 0.500000 
5.000000 -3.125000 0.500000 5.000000 -3.125000 -0.500000 5.000000 -2.500000 -0.500000 
5.000000 -3.125000 -0.500000 5.000000 -3.125000 0.500000 5.000000 -3.750000 0.500000 
5.000000 -3.750000 0.500000 5.000000 -3.750000 -0.500000 5.000000 -3.125000 -0.500000 
5.000000 -3.750000 -0.500000 5.000000 -3.750000 0.500000 5.000000 -4.375000 0.500000 
5.000000 -4.375000 0.500000 5.000000 -4.375000 -0.500000 5.000000 -3.750000 -0.500000 
-5.000000 -5.000000 -0.500000 -5.000000 -5.000000 0.500000 -5.000000 -4.375000 0.500000 
-5.000000 -4.375000 0.500000 -5.000000 -4.375000 -0.500000 -5.000000 -5.000000 -0.500000 
-5.000000 -4.375000 -0.500000 -5.000000 -4.375000 0.500000 -5.000000 -3.750000 0.500000 
-5.000000 -3.750000 0.500000 -5.000000 -3.750000 -0.500000 -5.000000 -4.375000 -0.500000 
-5.000000 -3.750000 -0.500000 -5.000000 -3.750000 0.500000 -5.000000 -3.125000 0.500000 
-5.000000 -3.125000 0.500000 -5.000000 -3.125000 -0.500000 -5.000000 -3.750000 -0.500000 
-5.000000 -3.125000 -0.500000 -5.000000 -3.125000 0.500000 -5.000000 -2.500000 0.500000 
-5.000000 -2.500000 0.500000 -5.000000 -2.500000 -0.500000 -5.000000 -3.125000 -0.500000 
-5.000000 -2.500000 -0.500000 -5.000000 -2.500000 0.500000 -5.000000 -1.875000 0.500000 
-5.000000 -1.875000 0.500000 -5.000000 -1.875000 -0.500000 -5.000000 -2.500000 -0.500000 
-5.000000 -1.875000 -0.500000 -5.000000 -1.875000 0.500000 -5.000000 -1.250000 0.500000 
-5.000000 -1.250000 0.500000 -5.000000 -1.250000 -0.500000 -5.000000 -1.875000 -0.500000 
-5.000000 -1.250000 -0.500000 -5.000000 -1.250000 0.500000 -5.000000 -0.625000 0.500000 
-5.000000 -0.625000 0.500000 -5.000000 -0.625000 -0.500000 -5.000000 -1.250000 -0.500000 
-5.000000 -0.625000 -0.500000 -5.000000 -0.625000 0.500000 -5.000000 0.000000 0.500000 
-5.000000 0.000000 0.500000 -5.000000 0.000000 -0.500000 -5.000000 -0.625000 -0.500000 
-5.000000 0.000000 -0.500000 -5.000000 0.000000 0.500000 -5.000000 0.625000 0.500000 
-5.000000 0.625000 0.500000 -5.000000 0.625000 -0.500000 -5.000000 0.000000 -0.500000 
-5.000000 0.625000 -0.500000 -5.000000 0.625000 0.500000 -5.000000 1.250000 0.500000 
-5.000000 1.250000 0.500000 -5.000000 1.250000 -0.500000 -5.000000 0.625000 -0.500000 
-5.000000 1.250000 -0.500000 -5.000000 1.250000 0.500000 -5.000000 1.875000 0.500000 
-5.000000 1.875000 0.500000 -5.000000 1.875000 -0.500000 -5.000000 1.250000 -0.500000 
-5.000000 1.875000 -0.500000 -5.000000 1.875000 0.500000 -5.000000 2.500000 0.500000 
-5.000000 2.500000 0.500000 -5.000000 2.500000 -0.500000 -5.000000 1.875000 -0.500000 
-5.000000 2.500000 -0.500000 -5.000000 2.500000 0.500000 -5.000000 3.125000 0.500000 
-5.000000 3.125000 0.500000 -5.000000 3.125000 -0.500000 -5.000000 2.500000 -0.500000 
-5.000000 3.125000 -0.500000 -5.000000 3.125000 0.500000 -5.000000 3.750000 0.500000 
-5.000000 3.750000 0.500000 -5.000000 3.750000 -0.500000 -5.000000 3.125000 -0.500000 
-5.000000 3.750000 -0.500000 -5.000000 3.750000 0.500000 -5.000000 4.375000 0.500000 
-5.000000 4.375000 0.500000 -5.000000 4.375000 -0.500000 -5.000000 3.750000 -0.500000 
